3916710,10554248431,3437674,1255855,9541889028,1012359403,83575836,united_states,2902909,2987680,2906416,0
164988,430968329,160025,9228,421418574,9549755,864418,united_states,2902909,2987680,2906416,0
46875,135022838,41820,10600,117885977,17136861,864017,united_states,2902909,2987680,2906416,0
119860,396719436,115678,7410,386729807,9989629,722677,united_states,2902909,2987680,2906416,0
52726,182606911,52568,164,182261188,345723,20599,united_states,2902909,2987680,2906416,0
33892,86317621,33393,1145,85483316,834305,87607,united_states,2902909,2987680,2906416,0
383551,966601583,378015,11079,948676583,17925000,971477,united_states,2902909,2987680,2906416,0
258517,659644227,252269,9932,648287194,11357033,1104400,united_states,2902909,2987680,2906416,0
2846,7867186,2800,83,7773047,94139,8087,united_states,2902909,2987680,2906416,0
4710,13793449,4616,163,13648775,144674,16879,united_states,2902909,2987680,2906416,0
226931,534697934,220945,10145,521319477,13378457,1043768,united_states,2902909,2987680,2906416,0
157962,413067704,150313,14119,395399313,17668391,1343147,united_states,2902909,2987680,2906416,0
501649,1233497526,466069,65818,1144180913,89316613,6217687,united_states,2902909,2987680,2906416,0
93890,242344181,87697,11135,228059296,14284885,1077749,united_states,2902909,2987680,2906416,0
1049,3893826,1041,17,3873106,20720,1279,united_states,2902909,2987680,2906416,0
1373,3907711,1365,13,3882311,25400,1493,united_states,2902909,2987680,2906416,0
38243,80129722,29155,17343,65800316,14329406,1594012,united_states,2902909,2987680,2906416,0
151342,390422400,135189,32787,359934213,30488187,2841760,united_states,2902909,2987680,2906416,0
0,0,0,0,0,0,0,united_states,2902909,2987680,2906416,0
5793,25005278,5684,216,24698948,306330,19439,united_states,2902909,2987680,2906416,0
20568,80313336,20263,657,79619516,693820,52455,united_states,2902909,2987680,2906416,0
21284,62542368,18752,6902,56563181,5979187,397797,united_states,2902909,2987680,2906416,0
10293,20437759,7961,6779,17135084,3302675,364044,united_states,2902909,2987680,2906416,0
3886,9411691,3558,714,8852407,559284,51074,united_states,2902909,2987680,2906416,0
3194,5463622,2171,3168,4108733,1354889,159870,united_states,2902909,2987680,2906416,0
1946,2939680,1462,424,2202706,736974,75906,united_states,2902909,2987680,2906416,0
30,73134,14,35,28201,44933,2836,united_states,2902909,2987680,2906416,0
15,22360,15,2,21253,1107,57,united_states,2902909,2987680,2906416,0
160,136321,0,750,0,136321,24026,united_states,2902909,2987680,2906416,0
1062,2390951,741,1686,1921784,469167,50275,united_states,2902909,2987680,2906416,0
446624,1809646808,325501,307091,1451662965,357983843,21153229,united_states,2902909,2987680,2906416,0
864339,1915053443,633111,700206,1545022311,370031132,40371148,united_states,2902909,2987680,2906416,0
99248,257244748,93808,14615,245819691,11425057,947875,united_states,2902909,2987680,2906416,0
659,1356094,565,230,1243636,112458,16562,united_states,2902909,2987680,2906416,0
8281,17837921,6823,3635,15582975,2254946,254768,united_states,2902909,2987680,2906416,0
198281,580707910,191318,14334,567341576,13366334,1216485,united_states,2902909,2987680,2906416,0
84289,196420696,75586,22815,183031695,13389001,1518282,alabama,54920,58055,56622,0
2386,6135606,2383,6,6128318,7288,690,alabama,54920,58055,56622,0
467,1226049,446,45,1136172,89877,3882,alabama,54920,58055,56622,0
2715,7855751,2626,142,7730350,125401,15684,alabama,54920,58055,56622,0
627,1926809,627,0,1926809,0,0,alabama,54920,58055,56622,0
474,950649,474,0,950649,0,0,alabama,54920,58055,56622,0
4489,10345639,4486,5,10341494,4145,504,alabama,54920,58055,56622,0
4487,10031769,4460,43,9980774,50995,4760,alabama,54920,58055,56622,0
0,0,0,0,0,0,0,alabama,54920,58055,56622,0
415,1170567,415,0,1170567,0,0,alabama,54920,58055,56622,0
4525,10599478,4506,25,10569171,30307,3321,alabama,54920,58055,56622,0
6545,13418124,6078,677,12888822,529302,82629,alabama,54920,58055,56622,0
12944,25675398,12457,1049,24203531,1471867,86249,alabama,54920,58055,56622,0
1508,3453607,1484,57,3428080,25527,4160,alabama,54920,58055,56622,0
0,0,0,0,0,0,0,alabama,54920,58055,56622,0
0,0,0,0,0,0,0,alabama,54920,58055,56622,0
852,1212732,485,467,866017,346715,65089,alabama,54920,58055,56622,0
2983,7209567,2720,561,6881117,328450,46493,alabama,54920,58055,56622,0
0,0,0,0,0,0,0,alabama,54920,58055,56622,0
0,0,0,0,0,0,0,alabama,54920,58055,56622,0
0,0,0,0,0,0,0,alabama,54920,58055,56622,0
0,0,0,0,0,0,0,alabama,54920,58055,56622,0
0,0,0,0,0,0,0,alabama,54920,58055,56622,0
0,0,0,0,0,0,0,alabama,54920,58055,56622,0
0,0,0,0,0,0,0,alabama,54920,58055,56622,0
0,0,0,0,0,0,0,alabama,54920,58055,56622,0
0,0,0,0,0,0,0,alabama,54920,58055,56622,0
0,0,0,0,0,0,0,alabama,54920,58055,56622,0
0,0,0,0,0,0,0,alabama,54920,58055,56622,0
0,0,0,0,0,0,0,alabama,54920,58055,56622,0
10694,39472547,8508,6403,34649387,4823160,377722,alabama,54920,58055,56622,0
21546,39647582,17102,12357,34691079,4956503,773593,alabama,54920,58055,56622,0
4190,10270894,3925,904,9721130,549764,46429,alabama,54920,58055,56622,0
0,0,0,0,0,0,0,alabama,54920,58055,56622,0
805,1705821,805,0,1705821,0,0,alabama,54920,58055,56622,0
1637,4112107,1599,74,4062407,49700,7077,alabama,54920,58055,56622,0
22939,81253553,20761,5505,76228655,5024898,373610,alaska,15036,15897,14537,1
933,3382851,925,15,3357964,24887,1358,alaska,15036,15897,14537,1
439,1442332,430,40,1415248,27084,1442,alaska,15036,15897,14537,1
1144,4365785,1115,57,4281872,83913,4597,alaska,15036,15897,14537,1
268,1474714,268,0,1474714,0,0,alaska,15036,15897,14537,1
150,472201,148,3,465383,6818,306,alaska,15036,15897,14537,1
1292,4800206,1291,2,4795542,4664,212,alaska,15036,15897,14537,1
2888,11486376,2876,21,11459615,26761,2018,alaska,15036,15897,14537,1
0,0,0,0,0,0,0,alaska,15036,15897,14537,1
0,0,0,0,0,0,0,alaska,15036,15897,14537,1
1730,5238960,1598,162,5024675,214285,22005,alaska,15036,15897,14537,1
509,1767817,495,26,1723248,44569,2215,alaska,15036,15897,14537,1
351,1107958,339,13,1093565,14393,1990,alaska,15036,15897,14537,1
425,1443979,423,4,1438308,5671,331,alaska,15036,15897,14537,1
0,0,0,0,0,0,0,alaska,15036,15897,14537,1
0,0,0,0,0,0,0,alaska,15036,15897,14537,1
96,298742,95,2,297595,1147,109,alaska,15036,15897,14537,1
2839,10084052,2781,120,9948342,135710,10226,alaska,15036,15897,14537,1
0,0,0,0,0,0,0,alaska,15036,15897,14537,1
0,0,0,0,0,0,0,alaska,15036,15897,14537,1
539,2236310,539,0,2236310,0,0,alaska,15036,15897,14537,1
2229,7373021,1736,832,6364832,1008189,81807,alaska,15036,15897,14537,1
1099,2905368,832,574,2319876,585492,44737,alaska,15036,15897,14537,1
321,1060538,289,126,960425,100113,5197,alaska,15036,15897,14537,1
378,915242,254,213,671602,243640,20457,alaska,15036,15897,14537,1
180,355721,94,125,193474,162247,14136,alaska,15036,15897,14537,1
10,25445,2,18,3686,21759,1519,alaska,15036,15897,14537,1
15,22360,15,2,21253,1107,57,alaska,15036,15897,14537,1
5,4645,0,21,0,4645,1048,alaska,15036,15897,14537,1
190,521417,178,69,469436,51981,2323,alaska,15036,15897,14537,1
1124,6302678,906,1106,5145329,1157349,38524,alaska,15036,15897,14537,1
2770,7784411,1918,2307,6262795,1521616,150698,alaska,15036,15897,14537,1
472,1565089,462,28,1545467,19622,1597,alaska,15036,15897,14537,1
0,0,0,0,0,0,0,alaska,15036,15897,14537,1
0,0,0,0,0,0,0,alaska,15036,15897,14537,1
1642,5720703,1584,193,5577975,142728,9438,alaska,15036,15897,14537,1
57044,138666980,48538,22057,124300713,14366267,1505400,arizona,40384,40437,38985,1
3285,7082121,3235,76,6997183,84938,8707,arizona,40384,40437,38985,1
607,1497647,562,121,1349642,148005,7959,arizona,40384,40437,38985,1
1155,3856223,1131,58,3780987,75236,4377,arizona,40384,40437,38985,1
922,3159006,922,0,3159006,0,0,arizona,40384,40437,38985,1
745,1891837,742,4,1886501,5336,478,arizona,40384,40437,38985,1
6929,14564845,6920,18,14550498,14347,1594,arizona,40384,40437,38985,1
3084,7706699,2992,130,7570115,136584,16355,arizona,40384,40437,38985,1
0,0,0,0,0,0,0,arizona,40384,40437,38985,1
0,0,0,0,0,0,0,arizona,40384,40437,38985,1
5540,10095872,5044,251,9803477,292395,87668,arizona,40384,40437,38985,1
2052,4487260,1980,125,4307553,179707,12710,arizona,40384,40437,38985,1
750,1569682,724,51,1496538,73144,4583,arizona,40384,40437,38985,1
1578,3240525,1477,224,3020438,220087,17825,arizona,40384,40437,38985,1
0,0,0,0,0,0,0,arizona,40384,40437,38985,1
0,0,0,0,0,0,0,arizona,40384,40437,38985,1
535,1132007,244,1138,621105,510902,51546,arizona,40384,40437,38985,1
2526,5958880,2188,739,5374267,584613,59578,arizona,40384,40437,38985,1
0,0,0,0,0,0,0,arizona,40384,40437,38985,1
7,19232,7,5,18902,330,88,arizona,40384,40437,38985,1
0,0,0,0,0,0,0,arizona,40384,40437,38985,1
0,0,0,0,0,0,0,arizona,40384,40437,38985,1
0,0,0,0,0,0,0,arizona,40384,40437,38985,1
0,0,0,0,0,0,0,arizona,40384,40437,38985,1
0,0,0,0,0,0,0,arizona,40384,40437,38985,1
0,0,0,0,0,0,0,arizona,40384,40437,38985,1
0,0,0,0,0,0,0,arizona,40384,40437,38985,1
0,0,0,0,0,0,0,arizona,40384,40437,38985,1
0,0,0,0,0,0,0,arizona,40384,40437,38985,1
0,0,0,0,0,0,0,arizona,40384,40437,38985,1
6583,26754637,4343,5038,21438268,5316369,396591,arizona,40384,40437,38985,1
15044,33127706,10529,13683,26743249,6384457,799212,arizona,40384,40437,38985,1
2541,5181249,2389,272,4934838,246411,26893,arizona,40384,40437,38985,1
0,0,0,0,0,0,0,arizona,40384,40437,38985,1
0,0,0,0,0,0,0,arizona,40384,40437,38985,1
3161,7341552,3109,124,7248146,93406,9236,arizona,40384,40437,38985,1
48803,115972872,43149,12956,107085509,8887363,998360,arkansas,20160,20437,19218,1
1910,3893689,1876,63,3856231,37458,6143,arkansas,20160,20437,19218,1
467,1265295,434,143,1116254,149041,5801,arkansas,20160,20437,19218,1
342,1515068,338,6,1510052,5016,585,arkansas,20160,20437,19218,1
500,1498938,500,0,1498938,0,0,arkansas,20160,20437,19218,1
365,734339,365,0,734339,0,0,arkansas,20160,20437,19218,1
3053,5629155,3050,4,5626233,2922,584,arkansas,20160,20437,19218,1
3670,8766767,3638,58,8733400,33367,5679,arkansas,20160,20437,19218,1
0,0,0,0,0,0,0,arkansas,20160,20437,19218,1
0,0,0,0,0,0,0,arkansas,20160,20437,19218,1
3663,7091478,3663,0,7091478,0,0,arkansas,20160,20437,19218,1
3992,7571726,3985,14,7558763,12963,1244,arkansas,20160,20437,19218,1
4857,9447143,4776,171,9283916,163227,14387,arkansas,20160,20437,19218,1
857,2045638,773,193,1925473,120165,14772,arkansas,20160,20437,19218,1
0,0,0,0,0,0,0,arkansas,20160,20437,19218,1
0,0,0,0,0,0,0,arkansas,20160,20437,19218,1
748,1111194,552,308,955224,155970,34660,arkansas,20160,20437,19218,1
2221,5132614,2067,626,4615978,516636,27200,arkansas,20160,20437,19218,1
0,0,0,0,0,0,0,arkansas,20160,20437,19218,1
0,0,0,0,0,0,0,arkansas,20160,20437,19218,1
0,0,0,0,0,0,0,arkansas,20160,20437,19218,1
0,0,0,0,0,0,0,arkansas,20160,20437,19218,1
0,0,0,0,0,0,0,arkansas,20160,20437,19218,1
0,0,0,0,0,0,0,arkansas,20160,20437,19218,1
0,0,0,0,0,0,0,arkansas,20160,20437,19218,1
0,0,0,0,0,0,0,arkansas,20160,20437,19218,1
0,0,0,0,0,0,0,arkansas,20160,20437,19218,1
0,0,0,0,0,0,0,arkansas,20160,20437,19218,1
0,0,0,0,0,0,0,arkansas,20160,20437,19218,1
0,0,0,0,0,0,0,arkansas,20160,20437,19218,1
5620,26701347,4427,3132,23227998,3473349,210534,arkansas,20160,20437,19218,1
11796,22939197,8204,7681,19113974,3825223,634706,arkansas,20160,20437,19218,1
2735,6224501,2541,473,5898833,325668,34277,arkansas,20160,20437,19218,1
0,0,0,0,0,0,0,arkansas,20160,20437,19218,1
0,0,0,0,0,0,0,arkansas,20160,20437,19218,1
2007,4404783,1960,84,4338425,66358,7788,arkansas,20160,20437,19218,1
327035,1109651817,279490,114166,987617996,122033821,8412430,california,294507,312207,314590,0
17304,48777982,16447,2167,47050826,1727156,151772,california,294507,312207,314590,0
3345,11177843,3002,597,10099944,1077899,57195,california,294507,312207,314590,0
2576,10712034,2491,162,10409688,302346,15153,california,294507,312207,314590,0
6054,23481166,6054,0,23481166,0,0,california,294507,312207,314590,0
4416,13494390,4411,8,13479229,15161,927,california,294507,312207,314590,0
37371,127735650,35365,2608,119063743,8671907,355201,california,294507,312207,314590,0
18811,67902579,18399,1186,67261871,640708,72846,california,294507,312207,314590,0
0,0,0,0,0,0,0,california,294507,312207,314590,0
63,213957,56,16,201548,12409,1298,california,294507,312207,314590,0
3721,11887438,3540,332,11431552,455886,31907,california,294507,312207,314590,0
9631,36925987,9197,889,35410169,1515818,76895,california,294507,312207,314590,0
34571,111348663,30967,6993,100671999,10676664,637754,california,294507,312207,314590,0
19924,60817748,17545,3971,54507803,6309945,421061,california,294507,312207,314590,0
0,0,0,0,0,0,0,california,294507,312207,314590,0
0,0,0,0,0,0,0,california,294507,312207,314590,0
3705,8479815,1909,1955,5620195,2859620,317883,california,294507,312207,314590,0
16756,52049234,15148,2675,47876321,4172913,284733,california,294507,312207,314590,0
0,0,0,0,0,0,0,california,294507,312207,314590,0
0,0,0,0,0,0,0,california,294507,312207,314590,0
0,0,0,0,0,0,0,california,294507,312207,314590,0
0,0,0,0,0,0,0,california,294507,312207,314590,0
0,0,0,0,0,0,0,california,294507,312207,314590,0
0,0,0,0,0,0,0,california,294507,312207,314590,0
0,0,0,0,0,0,0,california,294507,312207,314590,0
0,0,0,0,0,0,0,california,294507,312207,314590,0
0,0,0,0,0,0,0,california,294507,312207,314590,0
0,0,0,0,0,0,0,california,294507,312207,314590,0
0,0,0,0,0,0,0,california,294507,312207,314590,0
0,0,0,0,0,0,0,california,294507,312207,314590,0
29024,128646236,18490,22464,98965381,29680855,1864475,california,294507,312207,314590,0
79392,241173478,56665,66889,188574531,52598947,4022674,california,294507,312207,314590,0
4592,13313414,4358,622,12779952,533462,41393,california,294507,312207,314590,0
0,0,0,0,0,0,0,california,294507,312207,314590,0
0,0,0,0,0,0,0,california,294507,312207,314590,0
35779,141514203,35446,632,140732078,782125,59263,california,294507,312207,314590,0
53876,171006174,39838,34856,128446106,42560068,2484798,colorado,56811,57029,53469,1
2078,6345397,2034,98,6202592,142805,7773,colorado,56811,57029,53469,1
359,1183023,321,119,1046792,136231,7038,colorado,56811,57029,53469,1
2766,9011258,2509,520,8189008,822250,45666,colorado,56811,57029,53469,1
547,1705706,547,0,1705706,0,0,colorado,56811,57029,53469,1
470,1248773,470,0,1248773,0,0,colorado,56811,57029,53469,1
3948,10901019,3919,57,10820516,80503,5182,colorado,56811,57029,53469,1
3070,9297556,2987,185,9048502,249054,14650,colorado,56811,57029,53469,1
0,0,0,0,0,0,0,colorado,56811,57029,53469,1
0,0,0,0,0,0,0,colorado,56811,57029,53469,1
996,3660020,966,62,3547520,112500,5327,colorado,56811,57029,53469,1
1150,3990814,1075,151,3734988,255826,13296,colorado,56811,57029,53469,1
4254,11197574,3588,1078,9015261,2182313,117776,colorado,56811,57029,53469,1
924,3063029,701,345,2331629,731400,39468,colorado,56811,57029,53469,1
0,0,0,0,0,0,0,colorado,56811,57029,53469,1
0,0,0,0,0,0,0,colorado,56811,57029,53469,1
239,706458,166,282,564747,141711,12882,colorado,56811,57029,53469,1
1541,5266630,1416,344,4845606,421024,22279,colorado,56811,57029,53469,1
0,0,0,0,0,0,0,colorado,56811,57029,53469,1
0,0,0,0,0,0,0,colorado,56811,57029,53469,1
0,0,0,0,0,0,0,colorado,56811,57029,53469,1
0,0,0,0,0,0,0,colorado,56811,57029,53469,1
0,0,0,0,0,0,0,colorado,56811,57029,53469,1
0,0,0,0,0,0,0,colorado,56811,57029,53469,1
0,0,0,0,0,0,0,colorado,56811,57029,53469,1
0,0,0,0,0,0,0,colorado,56811,57029,53469,1
0,0,0,0,0,0,0,colorado,56811,57029,53469,1
0,0,0,0,0,0,0,colorado,56811,57029,53469,1
0,0,0,0,0,0,0,colorado,56811,57029,53469,1
0,0,0,0,0,0,0,colorado,56811,57029,53469,1
12435,57572935,7805,9093,35065756,22507179,819485,colorado,56811,57029,53469,1
16423,37783442,8897,21744,23600990,14182452,1331807,colorado,56811,57029,53469,1
1230,3479114,1063,617,3069085,410029,29408,colorado,56811,57029,53469,1
0,0,0,0,0,0,0,colorado,56811,57029,53469,1
0,0,0,0,0,0,0,colorado,56811,57029,53469,1
1446,4593426,1374,161,4408635,184791,12761,colorado,56811,57029,53469,1
63224,203851108,57269,15608,189333905,14517203,953570,connecticut,24510,24498,23615,1
2538,7132334,2491,57,7028159,104175,7247,connecticut,24510,24498,23615,1
981,3088619,940,69,2974508,114111,6346,connecticut,24510,24498,23615,1
3431,9800180,3377,79,9638030,162150,8475,connecticut,24510,24498,23615,1
977,3893540,977,0,3893540,0,0,connecticut,24510,24498,23615,1
608,1736113,585,35,1690153,45960,3515,connecticut,24510,24498,23615,1
7704,24264222,7652,93,24084218,180004,8306,connecticut,24510,24498,23615,1
3946,12362887,3938,9,12345516,17371,1196,connecticut,24510,24498,23615,1
158,560206,158,0,560206,0,0,connecticut,24510,24498,23615,1
0,0,0,0,0,0,0,connecticut,24510,24498,23615,1
5085,14780392,4979,146,14466997,313395,16372,connecticut,24510,24498,23615,1
2557,8241773,2474,130,7991443,250330,13472,connecticut,24510,24498,23615,1
12305,38802548,10696,2332,34767644,4034904,266354,connecticut,24510,24498,23615,1
1181,3381352,1181,1,3380610,742,64,connecticut,24510,24498,23615,1
66,238857,65,3,237157,1700,201,connecticut,24510,24498,23615,1
0,0,0,0,0,0,0,connecticut,24510,24498,23615,1
155,407117,124,44,360787,46330,4758,connecticut,24510,24498,23615,1
581,1915247,549,40,1849593,65654,4962,connecticut,24510,24498,23615,1
0,0,0,0,0,0,0,connecticut,24510,24498,23615,1
0,0,0,0,0,0,0,connecticut,24510,24498,23615,1
0,0,0,0,0,0,0,connecticut,24510,24498,23615,1
0,0,0,0,0,0,0,connecticut,24510,24498,23615,1
0,0,0,0,0,0,0,connecticut,24510,24498,23615,1
0,0,0,0,0,0,0,connecticut,24510,24498,23615,1
0,0,0,0,0,0,0,connecticut,24510,24498,23615,1
0,0,0,0,0,0,0,connecticut,24510,24498,23615,1
0,0,0,0,0,0,0,connecticut,24510,24498,23615,1
0,0,0,0,0,0,0,connecticut,24510,24498,23615,1
0,0,0,0,0,0,0,connecticut,24510,24498,23615,1
0,0,0,0,0,0,0,connecticut,24510,24498,23615,1
5390,27183669,4238,3604,22864874,4318795,187867,connecticut,24510,24498,23615,1
9594,27901470,7090,8644,23487103,4414367,391887,connecticut,24510,24498,23615,1
2933,9064441,2821,176,8834791,229650,17327,connecticut,24510,24498,23615,1
0,0,0,0,0,0,0,connecticut,24510,24498,23615,1
0,0,0,0,0,0,0,connecticut,24510,24498,23615,1
3034,9096141,2934,146,8878576,217565,15221,connecticut,24510,24498,23615,1
20578,52025441,18459,6748,47556903,4468538,351345,delaware,5760,5476,5300,1
659,1548540,638,40,1519182,29358,3488,delaware,5760,5476,5300,1
235,576030,220,40,546132,29898,2304,delaware,5760,5476,5300,1
1286,3336980,1279,16,3318398,18582,1206,delaware,5760,5476,5300,1
491,1965826,491,0,1965826,0,0,delaware,5760,5476,5300,1
228,484108,212,19,455722,28386,2608,delaware,5760,5476,5300,1
1514,3702722,1488,50,3658328,44394,4582,delaware,5760,5476,5300,1
1429,2964050,1383,75,2909162,54888,8160,delaware,5760,5476,5300,1
0,0,0,0,0,0,0,delaware,5760,5476,5300,1
0,0,0,0,0,0,0,delaware,5760,5476,5300,1
1871,3805676,1837,77,3732054,73622,5534,delaware,5760,5476,5300,1
1447,3415926,1345,245,3290688,125238,17088,delaware,5760,5476,5300,1
2243,4285574,2214,73,4211204,74370,4824,delaware,5760,5476,5300,1
262,492324,261,1,490972,1352,104,delaware,5760,5476,5300,1
74,187476,71,5,183754,3722,442,delaware,5760,5476,5300,1
0,0,0,0,0,0,0,delaware,5760,5476,5300,1
255,442052,162,173,345126,96926,15450,delaware,5760,5476,5300,1
514,1272618,473,108,1206814,65804,6950,delaware,5760,5476,5300,1
0,0,0,0,0,0,0,delaware,5760,5476,5300,1
0,0,0,0,0,0,0,delaware,5760,5476,5300,1
454,1143321,417,52,1092795,50526,6554,delaware,5760,5476,5300,1
0,0,0,0,0,0,0,delaware,5760,5476,5300,1
0,0,0,0,0,0,0,delaware,5760,5476,5300,1
0,0,0,0,0,0,0,delaware,5760,5476,5300,1
0,0,0,0,0,0,0,delaware,5760,5476,5300,1
0,0,0,0,0,0,0,delaware,5760,5476,5300,1
0,0,0,0,0,0,0,delaware,5760,5476,5300,1
0,0,0,0,0,0,0,delaware,5760,5476,5300,1
0,0,0,0,0,0,0,delaware,5760,5476,5300,1
0,0,0,0,0,0,0,delaware,5760,5476,5300,1
2280,8450758,1433,2047,6357424,2093334,140513,delaware,5760,5476,5300,1
3961,10257164,3202,3543,8650570,1606594,124998,delaware,5760,5476,5300,1
245,848768,244,2,847012,1756,124,delaware,5760,5476,5300,1
0,0,0,0,0,0,0,delaware,5760,5476,5300,1
0,0,0,0,0,0,0,delaware,5760,5476,5300,1
1130,2845528,1089,182,2775740,69788,6416,delaware,5760,5476,5300,1
170709,378024434,153805,39094,350170023,27854411,2992511,florida,114040,114218,111851,1
7626,17363587,7409,340,17132573,231014,38757,florida,114040,114218,111851,1
1923,5415491,1750,470,4844390,571101,30606,florida,114040,114218,111851,1
11240,31981074,11103,178,31610984,370090,24077,florida,114040,114218,111851,1
2157,8732664,2157,0,8732664,0,0,florida,114040,114218,111851,1
1611,3059474,1579,67,3011364,48110,5612,florida,114040,114218,111851,1
29090,55326910,28779,909,54784911,541999,55027,florida,114040,114218,111851,1
11497,23515221,11426,137,23435121,80100,12614,florida,114040,114218,111851,1
0,0,0,0,0,0,0,florida,114040,114218,111851,1
3,8328,1,5,3328,5000,330,florida,114040,114218,111851,1
9561,13527887,9452,615,13236518,291369,19353,florida,114040,114218,111851,1
12909,27686243,12127,1652,25729670,1956573,138522,florida,114040,114218,111851,1
16156,30941278,14524,5536,28749777,2191501,288745,florida,114040,114218,111851,1
4701,8564333,4465,314,8205435,358898,41712,florida,114040,114218,111851,1
0,0,0,0,0,0,0,florida,114040,114218,111851,1
0,0,0,0,0,0,0,florida,114040,114218,111851,1
1111,2271365,1108,7,2266340,5025,588,florida,114040,114218,111851,1
7269,16999985,6363,1658,15723716,1276269,160291,florida,114040,114218,111851,1
0,0,0,0,0,0,0,florida,114040,114218,111851,1
0,0,0,0,0,0,0,florida,114040,114218,111851,1
448,1112528,445,12,1108904,3624,476,florida,114040,114218,111851,1
0,0,0,0,0,0,0,florida,114040,114218,111851,1
0,0,0,0,0,0,0,florida,114040,114218,111851,1
0,0,0,0,0,0,0,florida,114040,114218,111851,1
0,0,0,0,0,0,0,florida,114040,114218,111851,1
0,0,0,0,0,0,0,florida,114040,114218,111851,1
0,0,0,0,0,0,0,florida,114040,114218,111851,1
0,0,0,0,0,0,0,florida,114040,114218,111851,1
0,0,0,0,0,0,0,florida,114040,114218,111851,1
0,0,0,0,0,0,0,florida,114040,114218,111851,1
13887,48732330,10204,8835,39563077,9169253,651669,florida,114040,114218,111851,1
25768,51697050,17863,16826,42182180,9514870,1399487,florida,114040,114218,111851,1
3206,7971610,3073,255,7686463,285147,23630,florida,114040,114218,111851,1
0,0,0,0,0,0,0,florida,114040,114218,111851,1
0,0,0,0,0,0,0,florida,114040,114218,111851,1
10546,23117076,9977,1278,22162608,954468,101015,florida,114040,114218,111851,1
114407,258082409,99729,30567,231151738,26930671,2597568,georgia,91808,93480,88366,1
2560,5793250,2210,400,5385333,407917,62082,georgia,91808,93480,88366,1
857,2169404,570,378,1636048,533356,50699,georgia,91808,93480,88366,1
1028,4018361,1019,19,3984219,34142,1648,georgia,91808,93480,88366,1
810,2208125,810,0,2208125,0,0,georgia,91808,93480,88366,1
868,2247441,867,2,2243636,3805,223,georgia,91808,93480,88366,1
18599,36459180,18296,693,35845650,613530,53803,georgia,91808,93480,88366,1
6208,8659208,6198,17,8635649,23559,1878,georgia,91808,93480,88366,1
0,0,0,0,0,0,0,georgia,91808,93480,88366,1
614,1449576,614,0,1449576,0,0,georgia,91808,93480,88366,1
7828,16146469,7725,174,15977426,169043,18150,georgia,91808,93480,88366,1
4359,10854225,4189,230,10520828,333397,30161,georgia,91808,93480,88366,1
14386,29148426,13273,1832,26774205,2374221,196774,georgia,91808,93480,88366,1
1895,4413999,1795,133,4284557,129442,17681,georgia,91808,93480,88366,1
0,0,0,0,0,0,0,georgia,91808,93480,88366,1
0,0,0,0,0,0,0,georgia,91808,93480,88366,1
2552,4107548,1572,1906,2947469,1160079,173435,georgia,91808,93480,88366,1
5117,9454228,4659,1022,8809043,645185,80854,georgia,91808,93480,88366,1
0,0,0,0,0,0,0,georgia,91808,93480,88366,1
0,0,0,0,0,0,0,georgia,91808,93480,88366,1
0,0,0,0,0,0,0,georgia,91808,93480,88366,1
0,0,0,0,0,0,0,georgia,91808,93480,88366,1
0,0,0,0,0,0,0,georgia,91808,93480,88366,1
0,0,0,0,0,0,0,georgia,91808,93480,88366,1
0,0,0,0,0,0,0,georgia,91808,93480,88366,1
0,0,0,0,0,0,0,georgia,91808,93480,88366,1
0,0,0,0,0,0,0,georgia,91808,93480,88366,1
0,0,0,0,0,0,0,georgia,91808,93480,88366,1
0,0,0,0,0,0,0,georgia,91808,93480,88366,1
0,0,0,0,0,0,0,georgia,91808,93480,88366,1
13236,52762861,9120,6317,41779365,10983496,728346,georgia,91808,93480,88366,1
22097,38869471,16931,14602,31612678,7256793,914149,georgia,91808,93480,88366,1
6603,17380420,5920,2132,16072916,1307504,120824,georgia,91808,93480,88366,1
0,0,0,0,0,0,0,georgia,91808,93480,88366,1
0,0,0,0,0,0,0,georgia,91808,93480,88366,1
4790,11940217,3961,710,10985015,955202,146861,georgia,91808,93480,88366,1
53109,136823916,46910,19924,121885846,14938070,1008570,hawaii,24581,25287,25414,0
1096,2963556,1096,0,2963556,0,0,hawaii,24581,25287,25414,0
646,1780602,527,180,1343756,436846,21000,hawaii,24581,25287,25414,0
2223,6548722,2197,75,6437614,111108,4534,hawaii,24581,25287,25414,0
0,0,0,0,0,0,0,hawaii,24581,25287,25414,0
0,0,0,0,0,0,0,hawaii,24581,25287,25414,0
2226,5283766,2212,27,5240708,43058,2468,hawaii,24581,25287,25414,0
865,2228814,865,0,2228814,0,0,hawaii,24581,25287,25414,0
1055,2285308,1054,1,2284050,1258,120,hawaii,24581,25287,25414,0
201,497842,201,0,497842,0,0,hawaii,24581,25287,25414,0
1137,2670594,1134,7,2662878,7716,552,hawaii,24581,25287,25414,0
3194,7673512,3151,82,7539158,134354,7624,hawaii,24581,25287,25414,0
3173,7737260,3096,160,7431532,305728,13858,hawaii,24581,25287,25414,0
336,907360,333,5,897024,10336,580,hawaii,24581,25287,25414,0
0,0,0,0,0,0,0,hawaii,24581,25287,25414,0
0,0,0,0,0,0,0,hawaii,24581,25287,25414,0
250,511916,171,392,390182,121734,14032,hawaii,24581,25287,25414,0
1558,4433130,1494,306,4216630,216500,11404,hawaii,24581,25287,25414,0
0,0,0,0,0,0,0,hawaii,24581,25287,25414,0
0,0,0,0,0,0,0,hawaii,24581,25287,25414,0
0,0,0,0,0,0,0,hawaii,24581,25287,25414,0
15979,40540136,13945,6059,35583874,4956262,315282,hawaii,24581,25287,25414,0
7251,13313268,5245,6051,10664096,2649172,310932,hawaii,24581,25287,25414,0
2653,6625678,2358,586,6168650,457028,45700,hawaii,24581,25287,25414,0
2335,3358738,1436,2954,2248034,1110704,139360,hawaii,24581,25287,25414,0
1720,2481556,1325,292,1917412,564144,61254,hawaii,24581,25287,25414,0
0,0,0,0,0,0,0,hawaii,24581,25287,25414,0
0,0,0,0,0,0,0,hawaii,24581,25287,25414,0
108,100110,0,602,0,100110,16666,hawaii,24581,25287,25414,0
435,747186,126,1617,330000,417186,47952,hawaii,24581,25287,25414,0
2755,12833230,2132,1922,9919948,2913282,110184,hawaii,24581,25287,25414,0
4309,12646462,3335,4344,9810924,2835538,172486,hawaii,24581,25287,25414,0
154,415720,153,3,412404,3316,240,hawaii,24581,25287,25414,0
659,1356094,565,230,1243636,112458,16562,hawaii,24581,25287,25414,0
0,0,0,0,0,0,0,hawaii,24581,25287,25414,0
4042,10196624,4004,80,10117220,79404,6712,hawaii,24581,25287,25414,0
21029,47867451,18129,8415,43387149,4480302,513944,idaho,11040,11293,10057,1
1199,2824523,1139,98,2740397,84126,10910,idaho,11040,11293,10057,1
213,567063,165,158,427291,139772,8615,idaho,11040,11293,10057,1
398,1516097,381,20,1491168,24929,3117,idaho,11040,11293,10057,1
271,1040390,271,0,1040390,0,0,idaho,11040,11293,10057,1
132,402386,116,33,381127,21259,2834,idaho,11040,11293,10057,1
1271,2890342,1205,85,2789999,100343,11719,idaho,11040,11293,10057,1
1976,4780918,1810,203,4533743,247175,29329,idaho,11040,11293,10057,1
0,0,0,0,0,0,0,idaho,11040,11293,10057,1
0,0,0,0,0,0,0,idaho,11040,11293,10057,1
1937,4371402,1790,249,4028128,343274,25974,idaho,11040,11293,10057,1
1149,1749491,1102,129,1670702,78789,8513,idaho,11040,11293,10057,1
1058,2242317,930,230,2037110,205207,22645,idaho,11040,11293,10057,1
598,1470177,469,136,1286971,183206,22900,idaho,11040,11293,10057,1
0,0,0,0,0,0,0,idaho,11040,11293,10057,1
0,0,0,0,0,0,0,idaho,11040,11293,10057,1
177,366258,147,69,323116,43142,5393,idaho,11040,11293,10057,1
1680,3836259,1314,488,3316747,519512,64716,idaho,11040,11293,10057,1
0,0,0,0,0,0,0,idaho,11040,11293,10057,1
0,0,0,0,0,0,0,idaho,11040,11293,10057,1
0,0,0,0,0,0,0,idaho,11040,11293,10057,1
0,0,0,0,0,0,0,idaho,11040,11293,10057,1
0,0,0,0,0,0,0,idaho,11040,11293,10057,1
0,0,0,0,0,0,0,idaho,11040,11293,10057,1
0,0,0,0,0,0,0,idaho,11040,11293,10057,1
0,0,0,0,0,0,0,idaho,11040,11293,10057,1
0,0,0,0,0,0,0,idaho,11040,11293,10057,1
0,0,0,0,0,0,0,idaho,11040,11293,10057,1
0,0,0,0,0,0,0,idaho,11040,11293,10057,1
0,0,0,0,0,0,0,idaho,11040,11293,10057,1
2630,8751372,2375,1226,8077465,673907,45074,idaho,11040,11293,10057,1
4337,6843377,3235,4200,5491480,1351897,194927,idaho,11040,11293,10057,1
720,1589079,526,782,1313615,275464,34435,idaho,11040,11293,10057,1
0,0,0,0,0,0,0,idaho,11040,11293,10057,1
145,294400,95,122,223408,70992,8874,idaho,11040,11293,10057,1
1138,2331600,1059,187,2214292,117308,13969,idaho,11040,11293,10057,1
133950,375003777,117888,47961,344686699,30317078,2734986,illinois,105850,106163,103999,1
6368,16425191,6223,252,16150903,274288,23929,illinois,105850,106163,103999,1
2397,6847209,2385,22,6816574,30635,1803,illinois,105850,106163,103999,1
2946,12874222,2888,132,12726951,147271,9910,illinois,105850,106163,103999,1
2054,8054030,2054,0,8054030,0,0,illinois,105850,106163,103999,1
1668,4624958,1661,11,4610018,14940,1110,illinois,105850,106163,103999,1
12667,34354270,12641,28,34262854,91416,4354,illinois,105850,106163,103999,1
8747,27320661,7612,1264,24945074,2375587,200883,illinois,105850,106163,103999,1
0,0,0,0,0,0,0,illinois,105850,106163,103999,1
103,351082,100,4,343568,7514,460,illinois,105850,106163,103999,1
13457,37908352,13392,203,37271828,636524,10778,illinois,105850,106163,103999,1
3124,9721284,3106,33,9685530,35754,2768,illinois,105850,106163,103999,1
14384,39118047,13984,959,38691870,426177,70890,illinois,105850,106163,103999,1
3433,9526426,3135,414,8794504,731922,49476,illinois,105850,106163,103999,1
0,0,0,0,0,0,0,illinois,105850,106163,103999,1
0,0,0,0,0,0,0,illinois,105850,106163,103999,1
721,1757104,691,38,1702146,54958,4922,illinois,105850,106163,103999,1
3674,10511595,3316,1189,9584179,927416,62501,illinois,105850,106163,103999,1
0,0,0,0,0,0,0,illinois,105850,106163,103999,1
0,0,0,0,0,0,0,illinois,105850,106163,103999,1
0,0,0,0,0,0,0,illinois,105850,106163,103999,1
0,0,0,0,0,0,0,illinois,105850,106163,103999,1
0,0,0,0,0,0,0,illinois,105850,106163,103999,1
0,0,0,0,0,0,0,illinois,105850,106163,103999,1
0,0,0,0,0,0,0,illinois,105850,106163,103999,1
0,0,0,0,0,0,0,illinois,105850,106163,103999,1
0,0,0,0,0,0,0,illinois,105850,106163,103999,1
0,0,0,0,0,0,0,illinois,105850,106163,103999,1
0,0,0,0,0,0,0,illinois,105850,106163,103999,1
0,0,0,0,0,0,0,illinois,105850,106163,103999,1
15977,56562909,12098,12777,45723346,10839563,656618,illinois,105850,106163,103999,1
31931,68980451,22539,30230,55790622,13189829,1595150,illinois,105850,106163,103999,1
2917,8463926,2884,60,8382910,81016,5672,illinois,105850,106163,103999,1
0,0,0,0,0,0,0,illinois,105850,106163,103999,1
0,0,0,0,0,0,0,illinois,105850,106163,103999,1
7382,21602060,7179,345,21149792,452268,33762,illinois,105850,106163,103999,1
90255,241612819,73163,38634,203447364,38165455,3005769,indiana,41728,42878,41377,1
2781,6929821,2776,8,6921871,7950,984,indiana,41728,42878,41377,1
435,3369065,374,100,1018292,2350773,9402,indiana,41728,42878,41377,1
1040,3740460,912,167,3351329,389131,22510,indiana,41728,42878,41377,1
1061,2816210,1061,0,2816210,0,0,indiana,41728,42878,41377,1
737,1472123,735,5,1469001,3122,450,indiana,41728,42878,41377,1
6311,13640100,6307,8,13629425,10675,644,indiana,41728,42878,41377,1
5029,9853478,5029,0,9853478,0,0,indiana,41728,42878,41377,1
0,0,0,0,0,0,0,indiana,41728,42878,41377,1
35,98191,34,2,95795,2396,204,indiana,41728,42878,41377,1
5244,9054739,5211,61,9001934,52805,5648,indiana,41728,42878,41377,1
1749,3773734,1748,1,3772069,1665,133,indiana,41728,42878,41377,1
11226,27105116,10266,1121,25271797,1833319,168770,indiana,41728,42878,41377,1
1698,3332643,1620,143,3232766,99877,12925,indiana,41728,42878,41377,1
0,0,0,0,0,0,0,indiana,41728,42878,41377,1
0,0,0,0,0,0,0,indiana,41728,42878,41377,1
113,194637,85,35,167186,27451,4661,indiana,41728,42878,41377,1
2818,6082845,2121,1036,4924606,1158239,118311,indiana,41728,42878,41377,1
0,0,0,0,0,0,0,indiana,41728,42878,41377,1
0,0,0,0,0,0,0,indiana,41728,42878,41377,1
0,0,0,0,0,0,0,indiana,41728,42878,41377,1
0,0,0,0,0,0,0,indiana,41728,42878,41377,1
0,0,0,0,0,0,0,indiana,41728,42878,41377,1
0,0,0,0,0,0,0,indiana,41728,42878,41377,1
0,0,0,0,0,0,0,indiana,41728,42878,41377,1
0,0,0,0,0,0,0,indiana,41728,42878,41377,1
0,0,0,0,0,0,0,indiana,41728,42878,41377,1
0,0,0,0,0,0,0,indiana,41728,42878,41377,1
0,0,0,0,0,0,0,indiana,41728,42878,41377,1
0,0,0,0,0,0,0,indiana,41728,42878,41377,1
17759,57878341,8983,13106,41098689,16779652,1549484,indiana,41728,42878,41377,1
24808,78291056,19176,21470,64139624,14151432,990369,indiana,41728,42878,41377,1
4813,8545660,4137,1346,7279236,1266424,119598,indiana,41728,42878,41377,1
0,0,0,0,0,0,0,indiana,41728,42878,41377,1
0,0,0,0,0,0,0,indiana,41728,42878,41377,1
2598,5434600,2588,25,5404056,30544,1676,indiana,41728,42878,41377,1
50474,145322578,40324,21853,120722675,24599903,1796298,iowa,20945,19801,17973,1
1296,3336467,1221,106,3199770,136697,13187,iowa,20945,19801,17973,1
394,1338168,348,92,1203025,135143,7880,iowa,20945,19801,17973,1
2158,6304303,1942,302,5883970,420333,38202,iowa,20945,19801,17973,1
580,2380176,580,0,2380176,0,0,iowa,20945,19801,17973,1
286,764049,285,2,761565,2484,182,iowa,20945,19801,17973,1
2228,5984351,2171,89,5824795,159556,10226,iowa,20945,19801,17973,1
2675,6902771,2565,157,6738683,164088,19388,iowa,20945,19801,17973,1
0,0,0,0,0,0,0,iowa,20945,19801,17973,1
0,0,0,0,0,0,0,iowa,20945,19801,17973,1
3357,8221734,3290,94,8055695,166039,11874,iowa,20945,19801,17973,1
312,934261,306,9,916104,18157,1061,iowa,20945,19801,17973,1
8133,21880828,6583,2064,17891739,3989089,274514,iowa,20945,19801,17973,1
315,918102,315,0,918102,0,0,iowa,20945,19801,17973,1
0,0,0,0,0,0,0,iowa,20945,19801,17973,1
0,0,0,0,0,0,0,iowa,20945,19801,17973,1
158,339330,131,49,309685,29645,4784,iowa,20945,19801,17973,1
2851,7564200,2071,1453,5639005,1925195,138263,iowa,20945,19801,17973,1
0,0,0,0,0,0,0,iowa,20945,19801,17973,1
0,0,0,0,0,0,0,iowa,20945,19801,17973,1
0,0,0,0,0,0,0,iowa,20945,19801,17973,1
0,0,0,0,0,0,0,iowa,20945,19801,17973,1
0,0,0,0,0,0,0,iowa,20945,19801,17973,1
0,0,0,0,0,0,0,iowa,20945,19801,17973,1
0,0,0,0,0,0,0,iowa,20945,19801,17973,1
0,0,0,0,0,0,0,iowa,20945,19801,17973,1
0,0,0,0,0,0,0,iowa,20945,19801,17973,1
0,0,0,0,0,0,0,iowa,20945,19801,17973,1
0,0,0,0,0,0,0,iowa,20945,19801,17973,1
0,0,0,0,0,0,0,iowa,20945,19801,17973,1
5962,30899076,4287,3857,23256427,7642649,296534,iowa,20945,19801,17973,1
15352,35421564,9976,13274,25965744,9455820,951461,iowa,20945,19801,17973,1
1135,3165352,1100,77,3100537,64815,5846,iowa,20945,19801,17973,1
0,0,0,0,0,0,0,iowa,20945,19801,17973,1
0,0,0,0,0,0,0,iowa,20945,19801,17973,1
3282,8967846,3153,228,8677653,290193,22896,iowa,20945,19801,17973,1
47836,106979244,43174,13792,100016307,6962937,825119,kansas,26467,26381,24719,1
2184,4708135,2127,139,4591748,116387,10059,kansas,26467,26381,24719,1
306,846179,289,52,822328,23851,3145,kansas,26467,26381,24719,1
1876,4567438,1807,201,4465565,101873,11590,kansas,26467,26381,24719,1
657,1970365,657,0,1970365,0,0,kansas,26467,26381,24719,1
329,651991,317,30,636971,15020,2052,kansas,26467,26381,24719,1
3475,7589916,3463,27,7561612,28304,2001,kansas,26467,26381,24719,1
3619,8819153,3511,186,8649321,169832,19220,kansas,26467,26381,24719,1
0,0,0,0,0,0,0,kansas,26467,26381,24719,1
0,0,0,0,0,0,0,kansas,26467,26381,24719,1
1708,3982805,1673,107,3899384,83421,6253,kansas,26467,26381,24719,1
948,2934980,936,35,2912922,22058,2124,kansas,26467,26381,24719,1
6798,14350679,6397,979,13541611,809068,70967,kansas,26467,26381,24719,1
109,242321,103,15,232161,10160,1088,kansas,26467,26381,24719,1
0,0,0,0,0,0,0,kansas,26467,26381,24719,1
0,0,0,0,0,0,0,kansas,26467,26381,24719,1
473,1262228,406,166,1196673,65555,11919,kansas,26467,26381,24719,1
1850,5031682,1545,643,4417676,614006,54049,kansas,26467,26381,24719,1
0,0,0,0,0,0,0,kansas,26467,26381,24719,1
0,0,0,0,0,0,0,kansas,26467,26381,24719,1
0,0,0,0,0,0,0,kansas,26467,26381,24719,1
0,0,0,0,0,0,0,kansas,26467,26381,24719,1
0,0,0,0,0,0,0,kansas,26467,26381,24719,1
0,0,0,0,0,0,0,kansas,26467,26381,24719,1
0,0,0,0,0,0,0,kansas,26467,26381,24719,1
0,0,0,0,0,0,0,kansas,26467,26381,24719,1
0,0,0,0,0,0,0,kansas,26467,26381,24719,1
0,0,0,0,0,0,0,kansas,26467,26381,24719,1
0,0,0,0,0,0,0,kansas,26467,26381,24719,1
0,0,0,0,0,0,0,kansas,26467,26381,24719,1
4933,18980666,4218,2241,17219433,1761233,126320,kansas,26467,26381,24719,1
15570,23960506,12960,8492,21143246,2817260,461908,kansas,26467,26381,24719,1
730,1763377,660,116,1681602,81775,12456,kansas,26467,26381,24719,1
0,0,0,0,0,0,0,kansas,26467,26381,24719,1
0,0,0,0,0,0,0,kansas,26467,26381,24719,1
2271,5316823,2105,363,5073689,243134,29968,kansas,26467,26381,24719,1
72965,165956412,62702,23123,148468857,17487555,1753820,kentucky,36102,38022,35454,1
3215,6449458,3131,143,6333374,116084,13946,kentucky,36102,38022,35454,1
947,2635238,865,109,2482224,153014,13576,kentucky,36102,38022,35454,1
3767,8288552,3199,714,7490976,797576,94334,kentucky,36102,38022,35454,1
917,2492892,901,20,2443880,49012,2710,kentucky,36102,38022,35454,1
766,1612034,754,16,1580286,31748,2068,kentucky,36102,38022,35454,1
5204,10353938,5082,261,10071890,282048,20284,kentucky,36102,38022,35454,1
5453,11418272,5412,133,11320984,97288,6834,kentucky,36102,38022,35454,1
0,0,0,0,0,0,0,kentucky,36102,38022,35454,1
0,0,0,0,0,0,0,kentucky,36102,38022,35454,1
4671,9173674,4513,189,8937326,236348,26356,kentucky,36102,38022,35454,1
2071,5296502,2042,39,5245536,50966,4832,kentucky,36102,38022,35454,1
5980,12702694,5175,793,11255986,1446708,139821,kentucky,36102,38022,35454,1
1388,3015770,1303,98,2884652,131118,14006,kentucky,36102,38022,35454,1
0,0,0,0,0,0,0,kentucky,36102,38022,35454,1
0,0,0,0,0,0,0,kentucky,36102,38022,35454,1
2185,2781778,2037,191,2578614,203164,24598,kentucky,36102,38022,35454,1
3542,7562813,3055,929,6760683,802130,83658,kentucky,36102,38022,35454,1
0,0,0,0,0,0,0,kentucky,36102,38022,35454,1
0,0,0,0,0,0,0,kentucky,36102,38022,35454,1
0,0,0,0,0,0,0,kentucky,36102,38022,35454,1
0,0,0,0,0,0,0,kentucky,36102,38022,35454,1
0,0,0,0,0,0,0,kentucky,36102,38022,35454,1
0,0,0,0,0,0,0,kentucky,36102,38022,35454,1
0,0,0,0,0,0,0,kentucky,36102,38022,35454,1
0,0,0,0,0,0,0,kentucky,36102,38022,35454,1
0,0,0,0,0,0,0,kentucky,36102,38022,35454,1
0,0,0,0,0,0,0,kentucky,36102,38022,35454,1
0,0,0,0,0,0,0,kentucky,36102,38022,35454,1
0,0,0,0,0,0,0,kentucky,36102,38022,35454,1
7658,30082586,6201,4779,25449050,4633536,253081,kentucky,36102,38022,35454,1
17866,34529705,12210,13445,26974850,7554855,968554,kentucky,36102,38022,35454,1
4021,9811950,3685,912,9206870,605080,55376,kentucky,36102,38022,35454,1
0,0,0,0,0,0,0,kentucky,36102,38022,35454,1
0,0,0,0,0,0,0,kentucky,36102,38022,35454,1
3314,7748556,3137,352,7451676,296880,29786,kentucky,36102,38022,35454,1
91636,201196825,82586,25075,188471261,12725564,1600641,louisiana,34802,35051,33921,1
2721,5805093,2660,151,5729514,75579,10544,louisiana,34802,35051,33921,1
1035,2201813,923,263,1973855,227958,19708,louisiana,34802,35051,33921,1
1561,4901501,1542,46,4876001,25500,3400,louisiana,34802,35051,33921,1
678,1746521,678,0,1746521,0,0,louisiana,34802,35051,33921,1
402,750944,398,9,746315,4629,666,louisiana,34802,35051,33921,1
6333,13520006,6324,30,13510758,9248,1541,louisiana,34802,35051,33921,1
5651,11753983,5628,29,11730826,23157,4021,louisiana,34802,35051,33921,1
0,0,0,0,0,0,0,louisiana,34802,35051,33921,1
567,1270494,538,53,1238181,32313,5131,louisiana,34802,35051,33921,1
5870,12965267,5866,12,12954153,11114,746,louisiana,34802,35051,33921,1
5667,12987649,5554,380,12833661,153988,19954,louisiana,34802,35051,33921,1
20196,38632072,18986,2045,36216372,2415700,213964,louisiana,34802,35051,33921,1
1198,2768919,1162,77,2737438,31481,6297,louisiana,34802,35051,33921,1
0,0,0,0,0,0,0,louisiana,34802,35051,33921,1
0,0,0,0,0,0,0,louisiana,34802,35051,33921,1
811,1559467,707,187,1421696,137771,18447,louisiana,34802,35051,33921,1
4744,9900109,4329,909,9363400,536709,73254,louisiana,34802,35051,33921,1
0,0,0,0,0,0,0,louisiana,34802,35051,33921,1
0,0,0,0,0,0,0,louisiana,34802,35051,33921,1
0,0,0,0,0,0,0,louisiana,34802,35051,33921,1
0,0,0,0,0,0,0,louisiana,34802,35051,33921,1
0,0,0,0,0,0,0,louisiana,34802,35051,33921,1
0,0,0,0,0,0,0,louisiana,34802,35051,33921,1
0,0,0,0,0,0,0,louisiana,34802,35051,33921,1
0,0,0,0,0,0,0,louisiana,34802,35051,33921,1
0,0,0,0,0,0,0,louisiana,34802,35051,33921,1
0,0,0,0,0,0,0,louisiana,34802,35051,33921,1
0,0,0,0,0,0,0,louisiana,34802,35051,33921,1
0,0,0,0,0,0,0,louisiana,34802,35051,33921,1
10168,36934153,7877,4937,32662948,4271205,405444,louisiana,34802,35051,33921,1
18032,29839991,13773,15087,25653297,4186694,753839,louisiana,34802,35051,33921,1
3855,8931709,3673,559,8597590,334119,31929,louisiana,34802,35051,33921,1
0,0,0,0,0,0,0,louisiana,34802,35051,33921,1
0,0,0,0,0,0,0,louisiana,34802,35051,33921,1
2147,4727134,1968,301,4478735,248399,31756,louisiana,34802,35051,33921,1
21331,53015939,19162,6921,49189189,3826750,382931,maine,13616,16234,16823,0
1078,2339032,1073,9,2330174,8858,888,maine,13616,16234,16823,0
436,1244749,317,215,929764,314985,20948,maine,13616,16234,16823,0
552,1635669,523,58,1571549,64120,4995,maine,13616,16234,16823,0
366,1188701,366,0,1188701,0,0,maine,13616,16234,16823,0
235,526423,234,2,525070,1353,177,maine,13616,16234,16823,0
1222,3234863,1199,13,3220403,14460,3994,maine,13616,16234,16823,0
2784,6638105,2652,157,6400497,237608,23422,maine,13616,16234,16823,0
7,17911,7,0,17911,0,0,maine,13616,16234,16823,0
53,132280,49,5,126096,6184,775,maine,13616,16234,16823,0
1879,4065593,1854,49,4007320,58273,4421,maine,13616,16234,16823,0
1022,2678190,1007,28,2645223,32967,2579,maine,13616,16234,16823,0
1446,3424917,1411,73,3304379,120538,6051,maine,13616,16234,16823,0
618,1470940,608,13,1451889,19051,1714,maine,13616,16234,16823,0
0,0,0,0,0,0,0,maine,13616,16234,16823,0
0,0,0,0,0,0,0,maine,13616,16234,16823,0
190,401820,188,6,396930,4890,390,maine,13616,16234,16823,0
1399,3461365,1212,396,3239890,221475,33029,maine,13616,16234,16823,0
0,0,0,0,0,0,0,maine,13616,16234,16823,0
0,0,0,0,0,0,0,maine,13616,16234,16823,0
0,0,0,0,0,0,0,maine,13616,16234,16823,0
41,112719,36,11,97983,14736,708,maine,13616,16234,16823,0
21,52437,9,27,15992,36445,2063,maine,13616,16234,16823,0
2,3755,1,2,1612,2143,177,maine,13616,16234,16823,0
1,2230,1,1,1685,545,53,maine,13616,16234,16823,0
3,10583,0,7,0,10583,516,maine,13616,16234,16823,0
15,35869,7,17,12695,23174,1317,maine,13616,16234,16823,0
0,0,0,0,0,0,0,maine,13616,16234,16823,0
0,0,0,0,0,0,0,maine,13616,16234,16823,0
0,0,0,0,0,0,0,maine,13616,16234,16823,0
1221,4528514,1100,289,4206525,321989,21438,maine,13616,16234,16823,0
4282,9224504,2943,5193,7163016,2061488,236998,maine,13616,16234,16823,0
1131,3042565,1047,336,2801665,240900,14763,maine,13616,16234,16823,0
0,0,0,0,0,0,0,maine,13616,16234,16823,0
115,248316,110,12,241105,7211,868,maine,13616,16234,16823,0
1233,3346326,1217,29,3307107,39219,2710,maine,13616,16234,16823,0
80260,224348357,69589,23844,194323992,30024365,1889017,maryland,132526,135717,133187,0
3813,9932407,3682,189,9708175,224232,23225,maryland,132526,135717,133187,0
973,2649401,878,283,2440928,208473,16781,maryland,132526,135717,133187,0
3519,8377515,3109,510,7591364,786151,72646,maryland,132526,135717,133187,0
1581,4704854,1579,6,4698296,6558,370,maryland,132526,135717,133187,0
744,1462998,742,7,1459239,3759,268,maryland,132526,135717,133187,0
9817,25737049,9467,409,25061505,675544,62264,maryland,132526,135717,133187,0
5030,11986744,5030,0,11986744,0,0,maryland,132526,135717,133187,0
444,1101640,444,0,1101640,0,0,maryland,132526,135717,133187,0
377,1116742,377,0,1116742,0,0,maryland,132526,135717,133187,0
7610,17160416,6692,1025,15645491,1514925,162363,maryland,132526,135717,133187,0
5697,14749146,4951,1128,13290368,1458778,132041,maryland,132526,135717,133187,0
7003,16656696,6743,476,16182678,474018,45914,maryland,132526,135717,133187,0
691,1700308,559,157,1430337,269971,23316,maryland,132526,135717,133187,0
0,0,0,0,0,0,0,maryland,132526,135717,133187,0
0,0,0,0,0,0,0,maryland,132526,135717,133187,0
697,1590971,464,324,1292442,298529,41311,maryland,132526,135717,133187,0
2333,6431131,2022,453,5801883,629248,55224,maryland,132526,135717,133187,0
0,0,0,0,0,0,0,maryland,132526,135717,133187,0
0,0,0,0,0,0,0,maryland,132526,135717,133187,0
2557,9626697,2499,266,9352520,274177,10258,maryland,132526,135717,133187,0
0,0,0,0,0,0,0,maryland,132526,135717,133187,0
0,0,0,0,0,0,0,maryland,132526,135717,133187,0
0,0,0,0,0,0,0,maryland,132526,135717,133187,0
0,0,0,0,0,0,0,maryland,132526,135717,133187,0
0,0,0,0,0,0,0,maryland,132526,135717,133187,0
0,0,0,0,0,0,0,maryland,132526,135717,133187,0
0,0,0,0,0,0,0,maryland,132526,135717,133187,0
0,0,0,0,0,0,0,maryland,132526,135717,133187,0
0,0,0,0,0,0,0,maryland,132526,135717,133187,0
6216,31610501,4274,5956,21831850,9778651,343812,maryland,132526,135717,133187,0
11537,32673801,7479,11101,21386420,11287381,718246,maryland,132526,135717,133187,0
2018,5730924,1891,216,5440880,290044,22437,maryland,132526,135717,133187,0
0,0,0,0,0,0,0,maryland,132526,135717,133187,0
0,0,0,0,0,0,0,maryland,132526,135717,133187,0
7603,19348416,6707,1338,17504490,1843926,158541,maryland,132526,135717,133187,0
82067,237907511,72192,26768,217037728,20869783,1655272,massachusetts,59588,62291,60319,0
4396,13662453,4235,246,13280987,381466,26762,massachusetts,59588,62291,60319,0
1856,4898426,1653,282,3905237,993189,33343,massachusetts,59588,62291,60319,0
6174,18415593,6115,107,18256924,158669,9834,massachusetts,59588,62291,60319,0
1598,6042228,1598,0,6042228,0,0,massachusetts,59588,62291,60319,0
315,767493,312,3,763002,4491,492,massachusetts,59588,62291,60319,0
5669,17110858,5632,114,17000464,110394,6170,massachusetts,59588,62291,60319,0
4496,15582095,4405,139,15301518,280577,16311,massachusetts,59588,62291,60319,0
943,3239150,902,73,3154640,84510,7281,massachusetts,59588,62291,60319,0
132,473159,126,10,461551,11608,1032,massachusetts,59588,62291,60319,0
6423,18955752,6215,492,17856590,1099162,35446,massachusetts,59588,62291,60319,0
3998,11698899,3829,308,11187898,511001,29700,massachusetts,59588,62291,60319,0
12786,33259600,12040,1457,31166877,2092723,131974,massachusetts,59588,62291,60319,0
2312,6486922,2201,190,6218861,268061,18465,massachusetts,59588,62291,60319,0
0,0,0,0,0,0,0,massachusetts,59588,62291,60319,0
1130,3226043,1122,13,3200643,25400,1493,massachusetts,59588,62291,60319,0
974,2175929,801,190,1812990,362939,30528,massachusetts,59588,62291,60319,0
1423,4328505,1377,76,4233884,94621,7640,massachusetts,59588,62291,60319,0
0,0,0,0,0,0,0,massachusetts,59588,62291,60319,0
0,0,0,0,0,0,0,massachusetts,59588,62291,60319,0
0,0,0,0,0,0,0,massachusetts,59588,62291,60319,0
0,0,0,0,0,0,0,massachusetts,59588,62291,60319,0
0,0,0,0,0,0,0,massachusetts,59588,62291,60319,0
0,0,0,0,0,0,0,massachusetts,59588,62291,60319,0
0,0,0,0,0,0,0,massachusetts,59588,62291,60319,0
0,0,0,0,0,0,0,massachusetts,59588,62291,60319,0
0,0,0,0,0,0,0,massachusetts,59588,62291,60319,0
0,0,0,0,0,0,0,massachusetts,59588,62291,60319,0
0,0,0,0,0,0,0,massachusetts,59588,62291,60319,0
0,0,0,0,0,0,0,massachusetts,59588,62291,60319,0
8486,32317415,5623,8167,24329995,7987420,476061,massachusetts,59588,62291,60319,0
14562,31683533,9755,14528,25713792,5969741,799055,massachusetts,59588,62291,60319,0
730,2354306,693,63,2226826,127480,6275,massachusetts,59588,62291,60319,0
0,0,0,0,0,0,0,massachusetts,59588,62291,60319,0
0,0,0,0,0,0,0,massachusetts,59588,62291,60319,0
2865,9049730,2765,302,8757204,292526,16485,massachusetts,59588,62291,60319,0
132134,404317333,109123,62195,345145712,59171621,4051922,michigan,60364,58536,56172,1
2888,7450389,2498,767,6364771,1085618,68893,michigan,60364,58536,56172,1
1615,4980239,1605,223,4567541,412698,1670,michigan,60364,58536,56172,1
2666,9848350,2653,42,9813796,34554,2353,michigan,60364,58536,56172,1
2009,8034367,2009,0,8034367,0,0,michigan,60364,58536,56172,1
984,2319252,927,167,2217029,102223,10153,michigan,60364,58536,56172,1
16137,48423056,16033,265,48061284,361772,18461,michigan,60364,58536,56172,1
3762,12206435,3619,266,11868889,337546,25372,michigan,60364,58536,56172,1
0,0,0,0,0,0,0,michigan,60364,58536,56172,1
0,0,0,0,0,0,0,michigan,60364,58536,56172,1
13681,43775841,13604,523,43323540,452301,13700,michigan,60364,58536,56172,1
2049,5998974,1936,258,5664751,334223,19958,michigan,60364,58536,56172,1
13013,36381044,11420,2933,31566544,4814500,281979,michigan,60364,58536,56172,1
2202,5821609,2152,288,5655980,165629,8916,michigan,60364,58536,56172,1
0,0,0,0,0,0,0,michigan,60364,58536,56172,1
0,0,0,0,0,0,0,michigan,60364,58536,56172,1
841,2304259,790,171,2192567,111692,9239,michigan,60364,58536,56172,1
4558,12426808,3849,1595,11580970,845838,125573,michigan,60364,58536,56172,1
0,0,0,0,0,0,0,michigan,60364,58536,56172,1
0,0,0,0,0,0,0,michigan,60364,58536,56172,1
0,0,0,0,0,0,0,michigan,60364,58536,56172,1
0,0,0,0,0,0,0,michigan,60364,58536,56172,1
0,0,0,0,0,0,0,michigan,60364,58536,56172,1
0,0,0,0,0,0,0,michigan,60364,58536,56172,1
0,0,0,0,0,0,0,michigan,60364,58536,56172,1
0,0,0,0,0,0,0,michigan,60364,58536,56172,1
0,0,0,0,0,0,0,michigan,60364,58536,56172,1
0,0,0,0,0,0,0,michigan,60364,58536,56172,1
0,0,0,0,0,0,0,michigan,60364,58536,56172,1
0,0,0,0,0,0,0,michigan,60364,58536,56172,1
18446,92977399,12483,13808,66775932,26201467,1045182,michigan,60364,58536,56172,1
40633,93731655,27024,39836,70165793,23565862,2397919,michigan,60364,58536,56172,1
833,1787803,814,93,1720940,66863,3250,michigan,60364,58536,56172,1
0,0,0,0,0,0,0,michigan,60364,58536,56172,1
439,1260408,434,8,1247206,13202,799,michigan,60364,58536,56172,1
5378,14589445,5273,952,14323812,265633,18505,michigan,60364,58536,56172,1
70648,203903226,54670,31320,175677424,28225802,2828469,minnesota,34289,33790,32014,1
2350,6972067,2193,258,6603271,368796,28048,minnesota,34289,33790,32014,1
1133,3604281,909,337,2968857,635424,39687,minnesota,34289,33790,32014,1
1625,6140855,1529,150,5874396,266459,17215,minnesota,34289,33790,32014,1
587,2231503,584,7,2222871,8632,467,minnesota,34289,33790,32014,1
340,885443,320,29,843793,41650,3540,minnesota,34289,33790,32014,1
3045,8800902,2940,184,8585945,214957,18527,minnesota,34289,33790,32014,1
4940,15138205,4748,277,14702975,435230,33965,minnesota,34289,33790,32014,1
0,0,0,0,0,0,0,minnesota,34289,33790,32014,1
0,0,0,0,0,0,0,minnesota,34289,33790,32014,1
2164,6122202,1922,394,5611545,510657,42803,minnesota,34289,33790,32014,1
2015,6410965,1867,240,6021148,389817,26421,minnesota,34289,33790,32014,1
6861,18540570,5869,1690,16332984,2207586,175555,minnesota,34289,33790,32014,1
1373,4006667,1292,108,3815780,190887,14294,minnesota,34289,33790,32014,1
0,0,0,0,0,0,0,minnesota,34289,33790,32014,1
0,0,0,0,0,0,0,minnesota,34289,33790,32014,1
656,1709825,527,209,1447639,262186,22746,minnesota,34289,33790,32014,1
3226,9096875,2837,623,8387909,708966,68978,minnesota,34289,33790,32014,1
0,0,0,0,0,0,0,minnesota,34289,33790,32014,1
0,0,0,0,0,0,0,minnesota,34289,33790,32014,1
0,0,0,0,0,0,0,minnesota,34289,33790,32014,1
0,0,0,0,0,0,0,minnesota,34289,33790,32014,1
0,0,0,0,0,0,0,minnesota,34289,33790,32014,1
0,0,0,0,0,0,0,minnesota,34289,33790,32014,1
0,0,0,0,0,0,0,minnesota,34289,33790,32014,1
0,0,0,0,0,0,0,minnesota,34289,33790,32014,1
0,0,0,0,0,0,0,minnesota,34289,33790,32014,1
0,0,0,0,0,0,0,minnesota,34289,33790,32014,1
0,0,0,0,0,0,0,minnesota,34289,33790,32014,1
0,0,0,0,0,0,0,minnesota,34289,33790,32014,1
12248,50601255,8437,9122,40673384,9927871,674120,minnesota,34289,33790,32014,1
23166,48421018,14122,17099,37185938,11235080,1601087,minnesota,34289,33790,32014,1
1694,5478630,1567,244,5157868,320762,22467,minnesota,34289,33790,32014,1
0,0,0,0,0,0,0,minnesota,34289,33790,32014,1
0,0,0,0,0,0,0,minnesota,34289,33790,32014,1
3225,9741963,3007,349,9241121,500842,38549,minnesota,34289,33790,32014,1
48629,107973440,45076,10276,101751802,6221638,628820,mississippi,25095,25871,24354,1
1163,2724572,1163,0,2724572,0,0,mississippi,25095,25871,24354,1
380,944421,310,175,798386,146035,12439,mississippi,25095,25871,24354,1
374,1590742,370,12,1571643,19099,785,mississippi,25095,25871,24354,1
574,1596000,574,0,1596000,0,0,mississippi,25095,25871,24354,1
389,620444,389,0,620444,0,0,mississippi,25095,25871,24354,1
3096,5289882,3087,23,5278410,11472,1457,mississippi,25095,25871,24354,1
3439,6119294,3436,7,6109271,10023,618,mississippi,25095,25871,24354,1
0,0,0,0,0,0,0,mississippi,25095,25871,24354,1
83,213257,68,24,187220,26037,2657,mississippi,25095,25871,24354,1
3581,6490228,3581,0,6490228,0,0,mississippi,25095,25871,24354,1
3218,6721149,3166,78,6607189,113960,9226,mississippi,25095,25871,24354,1
8631,17708107,8326,420,16964538,743569,53913,mississippi,25095,25871,24354,1
1119,2518017,912,248,2144577,373440,36564,mississippi,25095,25871,24354,1
0,0,0,0,0,0,0,mississippi,25095,25871,24354,1
0,0,0,0,0,0,0,mississippi,25095,25871,24354,1
387,554133,285,214,445309,108824,18120,mississippi,25095,25871,24354,1
3175,6647797,3054,376,6395157,252640,21444,mississippi,25095,25871,24354,1
0,0,0,0,0,0,0,mississippi,25095,25871,24354,1
0,0,0,0,0,0,0,mississippi,25095,25871,24354,1
0,0,0,0,0,0,0,mississippi,25095,25871,24354,1
0,0,0,0,0,0,0,mississippi,25095,25871,24354,1
0,0,0,0,0,0,0,mississippi,25095,25871,24354,1
0,0,0,0,0,0,0,mississippi,25095,25871,24354,1
0,0,0,0,0,0,0,mississippi,25095,25871,24354,1
0,0,0,0,0,0,0,mississippi,25095,25871,24354,1
0,0,0,0,0,0,0,mississippi,25095,25871,24354,1
0,0,0,0,0,0,0,mississippi,25095,25871,24354,1
0,0,0,0,0,0,0,mississippi,25095,25871,24354,1
0,0,0,0,0,0,0,mississippi,25095,25871,24354,1
5435,21441511,4504,2708,19340855,2100656,164654,mississippi,25095,25871,24354,1
9371,17414471,7723,5838,15207699,2206772,291962,mississippi,25095,25871,24354,1
1515,3563209,1471,60,3509368,53841,7840,mississippi,25095,25871,24354,1
0,0,0,0,0,0,0,mississippi,25095,25871,24354,1
128,220087,128,0,220087,0,0,mississippi,25095,25871,24354,1
2571,5596119,2529,93,5540849,55270,7141,mississippi,25095,25871,24354,1
79886,172036177,72094,24164,158856179,13179998,1374081,missouri,64396,65989,65541,0
2740,4734898,2729,27,4716643,18255,1973,missouri,64396,65989,65541,0
889,1970904,688,358,1441249,529655,35665,missouri,64396,65989,65541,0
3268,8152724,2954,425,7718308,434416,55622,missouri,64396,65989,65541,0
926,2782081,926,0,2782081,0,0,missouri,64396,65989,65541,0
996,1944029,996,0,1944029,0,0,missouri,64396,65989,65541,0
6593,11175296,6573,62,11125062,50234,3582,missouri,64396,65989,65541,0
6640,15286414,6425,277,14974281,312133,38046,missouri,64396,65989,65541,0
0,0,0,0,0,0,0,missouri,64396,65989,65541,0
0,0,0,0,0,0,0,missouri,64396,65989,65541,0
7235,11812328,7100,338,11612877,199451,24049,missouri,64396,65989,65541,0
3187,6427843,3087,294,6241025,186818,17725,missouri,64396,65989,65541,0
12745,24605010,12201,1763,23078310,1526700,96360,missouri,64396,65989,65541,0
1470,3077871,1406,128,2967323,110548,11302,missouri,64396,65989,65541,0
0,0,0,0,0,0,0,missouri,64396,65989,65541,0
0,0,0,0,0,0,0,missouri,64396,65989,65541,0
645,1010057,514,284,894360,115697,23139,missouri,64396,65989,65541,0
2504,5168236,2222,598,4842067,326169,49839,missouri,64396,65989,65541,0
0,0,0,0,0,0,0,missouri,64396,65989,65541,0
0,0,0,0,0,0,0,missouri,64396,65989,65541,0
0,0,0,0,0,0,0,missouri,64396,65989,65541,0
0,0,0,0,0,0,0,missouri,64396,65989,65541,0
0,0,0,0,0,0,0,missouri,64396,65989,65541,0
0,0,0,0,0,0,0,missouri,64396,65989,65541,0
0,0,0,0,0,0,0,missouri,64396,65989,65541,0
0,0,0,0,0,0,0,missouri,64396,65989,65541,0
0,0,0,0,0,0,0,missouri,64396,65989,65541,0
0,0,0,0,0,0,0,missouri,64396,65989,65541,0
0,0,0,0,0,0,0,missouri,64396,65989,65541,0
0,0,0,0,0,0,0,missouri,64396,65989,65541,0
8854,33954009,7233,6691,28873093,5080916,286710,missouri,64396,65989,65541,0
14923,27508495,10913,12514,23526052,3982443,704773,missouri,64396,65989,65541,0
2185,4012034,2161,215,3879831,132203,4296,missouri,64396,65989,65541,0
0,0,0,0,0,0,0,missouri,64396,65989,65541,0
0,0,0,0,0,0,0,missouri,64396,65989,65541,0
4086,8413948,3966,190,8239588,174360,21000,missouri,64396,65989,65541,0
16811,38850177,14498,8611,34989657,3860520,409356,montana,12704,12392,11364,1
916,1869792,864,85,1786636,83156,9171,montana,12704,12392,11364,1
291,705886,265,52,657272,48614,4546,montana,12704,12392,11364,1
167,605875,137,74,484771,121104,5362,montana,12704,12392,11364,1
210,504458,210,0,504458,0,0,montana,12704,12392,11364,1
201,420689,191,18,405842,14847,1638,montana,12704,12392,11364,1
745,1616384,709,64,1545975,70409,6400,montana,12704,12392,11364,1
1790,4236270,1735,81,4137191,99079,9810,montana,12704,12392,11364,1
0,0,0,0,0,0,0,montana,12704,12392,11364,1
0,0,0,0,0,0,0,montana,12704,12392,11364,1
1254,2586107,1146,183,2402389,183718,19138,montana,12704,12392,11364,1
468,1154359,440,77,1076982,77377,4904,montana,12704,12392,11364,1
1051,1989943,989,105,1894422,95521,10926,montana,12704,12392,11364,1
727,1484133,694,50,1430377,53756,5814,montana,12704,12392,11364,1
0,0,0,0,0,0,0,montana,12704,12392,11364,1
0,0,0,0,0,0,0,montana,12704,12392,11364,1
72,140219,58,41,119671,20548,2486,montana,12704,12392,11364,1
1481,3467803,1307,374,3171037,296766,30766,montana,12704,12392,11364,1
0,0,0,0,0,0,0,montana,12704,12392,11364,1
0,0,0,0,0,0,0,montana,12704,12392,11364,1
0,0,0,0,0,0,0,montana,12704,12392,11364,1
0,0,0,0,0,0,0,montana,12704,12392,11364,1
0,0,0,0,0,0,0,montana,12704,12392,11364,1
0,0,0,0,0,0,0,montana,12704,12392,11364,1
0,0,0,0,0,0,0,montana,12704,12392,11364,1
0,0,0,0,0,0,0,montana,12704,12392,11364,1
0,0,0,0,0,0,0,montana,12704,12392,11364,1
0,0,0,0,0,0,0,montana,12704,12392,11364,1
0,0,0,0,0,0,0,montana,12704,12392,11364,1
0,0,0,0,0,0,0,montana,12704,12392,11364,1
1984,7096806,1671,1373,6300134,796672,55438,montana,12704,12392,11364,1
3829,7160620,2643,5565,5689860,1470760,209982,montana,12704,12392,11364,1
697,1723259,574,343,1418109,305150,21696,montana,12704,12392,11364,1
0,0,0,0,0,0,0,montana,12704,12392,11364,1
92,188704,85,23,177386,11318,1293,montana,12704,12392,11364,1
836,1898870,780,103,1787145,111725,9986,montana,12704,12392,11364,1
29321,63327413,26005,9183,58638097,4689316,580060,nebraska,16023,16120,15298,1
625,1504898,616,23,1494048,10850,1463,nebraska,16023,16120,15298,1
403,1022052,366,82,941263,80789,6438,nebraska,16023,16120,15298,1
664,1858991,650,53,1821176,37815,2509,nebraska,16023,16120,15298,1
486,1200718,447,0,1200718,0,0,nebraska,16023,16120,15298,1
221,480287,217,6,474024,6263,717,nebraska,16023,16120,15298,1
1885,3915229,1859,51,3866594,48635,4525,nebraska,16023,16120,15298,1
2360,5378966,2356,13,5366211,12755,660,nebraska,16023,16120,15298,1
33,81790,33,0,81790,0,0,nebraska,16023,16120,15298,1
0,0,0,0,0,0,0,nebraska,16023,16120,15298,1
2830,5752721,2794,128,5697993,54728,6257,nebraska,16023,16120,15298,1
729,1859761,692,63,1789191,70570,6427,nebraska,16023,16120,15298,1
4398,8880213,4106,531,8257712,622501,51702,nebraska,16023,16120,15298,1
486,1171031,464,56,1131921,39110,3810,nebraska,16023,16120,15298,1
0,0,0,0,0,0,0,nebraska,16023,16120,15298,1
0,0,0,0,0,0,0,nebraska,16023,16120,15298,1
362,605175,205,306,448699,156476,27721,nebraska,16023,16120,15298,1
1835,3337057,1468,774,2912978,424079,65093,nebraska,16023,16120,15298,1
0,0,0,0,0,0,0,nebraska,16023,16120,15298,1
0,0,0,0,0,0,0,nebraska,16023,16120,15298,1
0,0,0,0,0,0,0,nebraska,16023,16120,15298,1
0,0,0,0,0,0,0,nebraska,16023,16120,15298,1
0,0,0,0,0,0,0,nebraska,16023,16120,15298,1
0,0,0,0,0,0,0,nebraska,16023,16120,15298,1
0,0,0,0,0,0,0,nebraska,16023,16120,15298,1
0,0,0,0,0,0,0,nebraska,16023,16120,15298,1
0,0,0,0,0,0,0,nebraska,16023,16120,15298,1
0,0,0,0,0,0,0,nebraska,16023,16120,15298,1
0,0,0,0,0,0,0,nebraska,16023,16120,15298,1
0,0,0,0,0,0,0,nebraska,16023,16120,15298,1
2822,9032995,2484,1005,8157224,875771,59877,nebraska,16023,16120,15298,1
7093,11898603,5215,5866,9771283,2127320,332616,nebraska,16023,16120,15298,1
694,1739316,674,83,1690697,48619,3615,nebraska,16023,16120,15298,1
0,0,0,0,0,0,0,nebraska,16023,16120,15298,1
0,0,0,0,0,0,0,nebraska,16023,16120,15298,1
1395,3607610,1359,143,3534575,73035,6630,nebraska,16023,16120,15298,1
19379,51562922,17253,4015,48254204,3308718,375198,nevada,12338,11581,10547,1
998,2563623,978,33,2535385,28238,3128,nevada,12338,11581,10547,1
446,1339209,414,92,1268825,70384,5561,nevada,12338,11581,10547,1
386,1546102,382,6,1535774,10328,532,nevada,12338,11581,10547,1
322,1022162,322,0,1022162,0,0,nevada,12338,11581,10547,1
254,494122,254,0,494122,0,0,nevada,12338,11581,10547,1
2667,7628444,2623,75,7508589,119855,7727,nevada,12338,11581,10547,1
1474,4285007,1474,1,4284750,257,44,nevada,12338,11581,10547,1
0,0,0,0,0,0,0,nevada,12338,11581,10547,1
0,0,0,0,0,0,0,nevada,12338,11581,10547,1
904,2205722,881,37,2166158,39564,4036,nevada,12338,11581,10547,1
698,1810687,679,35,1762139,48548,3295,nevada,12338,11581,10547,1
805,2250834,804,101,2248286,2548,195,nevada,12338,11581,10547,1
1610,4197576,1582,41,4136009,61567,4973,nevada,12338,11581,10547,1
0,0,0,0,0,0,0,nevada,12338,11581,10547,1
0,0,0,0,0,0,0,nevada,12338,11581,10547,1
188,444408,178,16,426512,17896,1705,nevada,12338,11581,10547,1
980,2661166,840,244,2439318,221848,24723,nevada,12338,11581,10547,1
0,0,0,0,0,0,0,nevada,12338,11581,10547,1
12,35442,12,0,35442,0,0,nevada,12338,11581,10547,1
0,0,0,0,0,0,0,nevada,12338,11581,10547,1
0,0,0,0,0,0,0,nevada,12338,11581,10547,1
0,0,0,0,0,0,0,nevada,12338,11581,10547,1
0,0,0,0,0,0,0,nevada,12338,11581,10547,1
0,0,0,0,0,0,0,nevada,12338,11581,10547,1
0,0,0,0,0,0,0,nevada,12338,11581,10547,1
0,0,0,0,0,0,0,nevada,12338,11581,10547,1
0,0,0,0,0,0,0,nevada,12338,11581,10547,1
0,0,0,0,0,0,0,nevada,12338,11581,10547,1
0,0,0,0,0,0,0,nevada,12338,11581,10547,1
1626,5302980,1325,884,4645950,657030,53235,nevada,12338,11581,10547,1
4359,8910012,2900,2350,6983754,1926258,258294,nevada,12338,11581,10547,1
97,292133,78,24,235109,57024,3312,nevada,12338,11581,10547,1
0,0,0,0,0,0,0,nevada,12338,11581,10547,1
0,0,0,0,0,0,0,nevada,12338,11581,10547,1
1542,4540805,1516,76,4493432,47373,4438,nevada,12338,11581,10547,1
17182,43762838,14760,7711,38717947,5044891,422837,new_hampshire,8665,8358,8054,1
477,1163848,461,27,1141093,22755,2586,new_hampshire,8665,8358,8054,1
291,831454,279,31,808127,23327,1953,new_hampshire,8665,8358,8054,1
771,1951424,716,115,1884731,66693,9124,new_hampshire,8665,8358,8054,1
316,1116715,303,31,1095886,20829,2227,new_hampshire,8665,8358,8054,1
104,268221,99,15,259710,8511,917,new_hampshire,8665,8358,8054,1
1031,2636265,1011,33,2595180,41085,3458,new_hampshire,8665,8358,8054,1
2049,6300730,1924,319,5848618,452112,22145,new_hampshire,8665,8358,8054,1
0,0,0,0,0,0,0,new_hampshire,8665,8358,8054,1
7,14690,5,5,11532,3158,360,new_hampshire,8665,8358,8054,1
1327,3245250,1304,58,3192134,53116,3879,new_hampshire,8665,8358,8054,1
858,2245425,809,71,2163857,81568,8090,new_hampshire,8665,8358,8054,1
1059,2247907,977,87,2144584,103323,14365,new_hampshire,8665,8358,8054,1
513,1186955,490,44,1147427,39528,3799,new_hampshire,8665,8358,8054,1
0,0,0,0,0,0,0,new_hampshire,8665,8358,8054,1
0,0,0,0,0,0,0,new_hampshire,8665,8358,8054,1
218,488747,146,171,338740,150007,12870,new_hampshire,8665,8358,8054,1
482,1089807,424,130,1010855,78952,10203,new_hampshire,8665,8358,8054,1
0,0,0,0,0,0,0,new_hampshire,8665,8358,8054,1
0,0,0,0,0,0,0,new_hampshire,8665,8358,8054,1
0,0,0,0,0,0,0,new_hampshire,8665,8358,8054,1
0,0,0,0,0,0,0,new_hampshire,8665,8358,8054,1
0,0,0,0,0,0,0,new_hampshire,8665,8358,8054,1
0,0,0,0,0,0,0,new_hampshire,8665,8358,8054,1
0,0,0,0,0,0,0,new_hampshire,8665,8358,8054,1
0,0,0,0,0,0,0,new_hampshire,8665,8358,8054,1
0,0,0,0,0,0,0,new_hampshire,8665,8358,8054,1
0,0,0,0,0,0,0,new_hampshire,8665,8358,8054,1
0,0,0,0,0,0,0,new_hampshire,8665,8358,8054,1
0,0,0,0,0,0,0,new_hampshire,8665,8358,8054,1
1739,6460310,1355,1480,4944550,1515760,66596,new_hampshire,8665,8358,8054,1
3595,7018055,2378,4507,5039375,1978680,214236,new_hampshire,8665,8358,8054,1
343,840008,335,14,822935,17073,1288,new_hampshire,8665,8358,8054,1
0,0,0,0,0,0,0,new_hampshire,8665,8358,8054,1
491,866642,315,405,645565,221077,31182,new_hampshire,8665,8358,8054,1
1511,3790385,1429,168,3623048,167337,13559,new_hampshire,8665,8358,8054,1
107876,383439868,100701,24375,357041596,26398272,1177530,new_jersey,72215,73738,75142,0
5448,17099977,5348,368,16802232,297745,15469,new_jersey,72215,73738,75142,0
1606,6056012,1596,33,6018122,37890,1564,new_jersey,72215,73738,75142,0
3975,17818750,3956,42,17741935,76815,2883,new_jersey,72215,73738,75142,0
1112,2954012,1111,5,2950372,3640,206,new_jersey,72215,73738,75142,0
2487,11506406,2487,0,11506406,0,0,new_jersey,72215,73738,75142,0
9011,33297652,8960,113,33113009,184643,7884,new_jersey,72215,73738,75142,0
8112,29783129,7770,640,29257470,525659,60442,new_jersey,72215,73738,75142,0
0,0,0,0,0,0,0,new_jersey,72215,73738,75142,0
100,339651,94,8,329159,10492,1063,new_jersey,72215,73738,75142,0
5690,18505834,5537,290,18012898,492936,23717,new_jersey,72215,73738,75142,0
2513,9295572,2297,597,8562765,732807,35530,new_jersey,72215,73738,75142,0
17500,49557494,16587,2172,46110314,3447180,143336,new_jersey,72215,73738,75142,0
2039,6094745,1797,417,5465252,629493,37536,new_jersey,72215,73738,75142,0
776,3138940,773,7,3125107,13833,531,new_jersey,72215,73738,75142,0
0,0,0,0,0,0,0,new_jersey,72215,73738,75142,0
2809,8409373,2026,1934,6480982,1928391,137243,new_jersey,72215,73738,75142,0
2765,9825560,2586,519,9275376,550184,29416,new_jersey,72215,73738,75142,0
0,0,0,0,0,0,0,new_jersey,72215,73738,75142,0
0,0,0,0,0,0,0,new_jersey,72215,73738,75142,0
496,1805630,489,14,1783725,21905,1229,new_jersey,72215,73738,75142,0
3035,14516492,3035,0,14516492,0,0,new_jersey,72215,73738,75142,0
1922,4166686,1875,127,4135120,31566,6312,new_jersey,72215,73738,75142,0
910,1721720,910,0,1721720,0,0,new_jersey,72215,73738,75142,0
480,1187412,480,0,1187412,0,0,new_jersey,72215,73738,75142,0
43,91820,43,0,91820,0,0,new_jersey,72215,73738,75142,0
5,11820,5,0,11820,0,0,new_jersey,72215,73738,75142,0
0,0,0,0,0,0,0,new_jersey,72215,73738,75142,0
47,31566,0,127,0,31566,6312,new_jersey,72215,73738,75142,0
437,1122348,437,0,1122348,0,0,new_jersey,72215,73738,75142,0
7545,44382550,6335,4760,37804396,6578154,199807,new_jersey,72215,73738,75142,0
18275,56261971,15605,11461,46145662,10116309,438310,new_jersey,72215,73738,75142,0
3475,12491767,3370,290,12134615,357152,16489,new_jersey,72215,73738,75142,0
0,0,0,0,0,0,0,new_jersey,72215,73738,75142,0
0,0,0,0,0,0,0,new_jersey,72215,73738,75142,0
7059,25743393,6941,577,25382553,360840,18510,new_jersey,72215,73738,75142,0
41581,92508511,38366,13789,87883740,4624771,568633,new_mexico,27204,27700,26242,1
2031,4716810,2025,11,4698800,18010,1016,new_mexico,27204,27700,26242,1
240,686089,234,9,672274,13815,1025,new_mexico,27204,27700,26242,1
1760,4692707,1729,105,4625013,67694,5557,new_mexico,27204,27700,26242,1
418,1111114,418,0,1111114,0,0,new_mexico,27204,27700,26242,1
149,237621,149,0,237621,0,0,new_mexico,27204,27700,26242,1
3980,8697737,3961,35,8661432,36305,3344,new_mexico,27204,27700,26242,1
2688,6125602,2688,0,6125602,0,0,new_mexico,27204,27700,26242,1
8,20969,8,0,20969,0,0,new_mexico,27204,27700,26242,1
0,0,0,0,0,0,0,new_mexico,27204,27700,26242,1
1512,3093855,1507,18,3070302,23553,903,new_mexico,27204,27700,26242,1
2342,5035039,2277,231,4884940,150099,11529,new_mexico,27204,27700,26242,1
5558,11635924,5417,585,11314076,321848,25094,new_mexico,27204,27700,26242,1
625,1404183,617,11,1388933,15250,1251,new_mexico,27204,27700,26242,1
0,0,0,0,0,0,0,new_mexico,27204,27700,26242,1
0,0,0,0,0,0,0,new_mexico,27204,27700,26242,1
650,1273475,647,6,1267657,5818,443,new_mexico,27204,27700,26242,1
1453,3886000,1395,165,3752876,133124,10292,new_mexico,27204,27700,26242,1
0,0,0,0,0,0,0,new_mexico,27204,27700,26242,1
0,0,0,0,0,0,0,new_mexico,27204,27700,26242,1
0,0,0,0,0,0,0,new_mexico,27204,27700,26242,1
0,0,0,0,0,0,0,new_mexico,27204,27700,26242,1
0,0,0,0,0,0,0,new_mexico,27204,27700,26242,1
0,0,0,0,0,0,0,new_mexico,27204,27700,26242,1
0,0,0,0,0,0,0,new_mexico,27204,27700,26242,1
0,0,0,0,0,0,0,new_mexico,27204,27700,26242,1
0,0,0,0,0,0,0,new_mexico,27204,27700,26242,1
0,0,0,0,0,0,0,new_mexico,27204,27700,26242,1
0,0,0,0,0,0,0,new_mexico,27204,27700,26242,1
0,0,0,0,0,0,0,new_mexico,27204,27700,26242,1
4224,10783625,3145,3277,9142908,1640717,190913,new_mexico,27204,27700,26242,1
11518,23323114,9763,9248,21184556,2138558,310592,new_mexico,27204,27700,26242,1
821,1958722,790,76,1919288,39434,5369,new_mexico,27204,27700,26242,1
0,0,0,0,0,0,0,new_mexico,27204,27700,26242,1
0,0,0,0,0,0,0,new_mexico,27204,27700,26242,1
1604,3825925,1596,12,3805379,20546,1305,new_mexico,27204,27700,26242,1
272629,896455916,254894,43481,853071379,43384537,2927655,new_york,145216,149200,152169,0
19212,57763683,18859,571,56989705,773978,58213,new_york,145216,149200,152169,0
5532,15138869,4295,1693,11747674,3391195,205418,new_york,145216,149200,152169,0
17306,72554436,16978,653,71454980,1099456,54546,new_york,145216,149200,152169,0
4009,18465790,4009,0,18465790,0,0,new_york,145216,149200,152169,0
1524,4073300,1477,102,4018430,54870,8249,new_york,145216,149200,152169,0
34546,113171106,34228,651,112088212,1082894,52312,new_york,145216,149200,152169,0
14911,43333767,14359,1067,42378820,954947,96646,new_york,145216,149200,152169,0
99,292088,95,9,283717,8371,686,new_york,145216,149200,152169,0
1108,3938228,1101,12,3930213,8015,1297,new_york,145216,149200,152169,0
7878,24766294,7611,451,23592206,1174088,44307,new_york,145216,149200,152169,0
9376,34041813,9058,528,33066310,975503,52803,new_york,145216,149200,152169,0
60099,177252205,57065,5389,168911470,8340735,505358,new_york,145216,149200,152169,0
4502,13028161,4286,307,12548166,479995,35854,new_york,145216,149200,152169,0
0,0,0,0,0,0,0,new_york,145216,149200,152169,0
0,0,0,0,0,0,0,new_york,145216,149200,152169,0
2767,7812539,2022,1875,5841251,1971288,123694,new_york,145216,149200,152169,0
3252,11759528,3020,454,11181072,578456,38796,new_york,145216,149200,152169,0
0,0,0,0,0,0,0,new_york,145216,149200,152169,0
3472,17516591,3377,190,17238955,277636,16826,new_york,145216,149200,152169,0
15517,62845574,15362,265,62556108,289466,27560,new_york,145216,149200,152169,0
0,0,0,0,0,0,0,new_york,145216,149200,152169,0
0,0,0,0,0,0,0,new_york,145216,149200,152169,0
0,0,0,0,0,0,0,new_york,145216,149200,152169,0
0,0,0,0,0,0,0,new_york,145216,149200,152169,0
0,0,0,0,0,0,0,new_york,145216,149200,152169,0
0,0,0,0,0,0,0,new_york,145216,149200,152169,0
0,0,0,0,0,0,0,new_york,145216,149200,152169,0
0,0,0,0,0,0,0,new_york,145216,149200,152169,0
0,0,0,0,0,0,0,new_york,145216,149200,152169,0
18227,80245944,14289,12348,67110552,13135392,639849,new_york,145216,149200,152169,0
29881,72962947,24523,15864,65477179,7485768,876811,new_york,145216,149200,152169,0
5505,17864686,5334,325,17471943,392743,28463,new_york,145216,149200,152169,0
0,0,0,0,0,0,0,new_york,145216,149200,152169,0
0,0,0,0,0,0,0,new_york,145216,149200,152169,0
13906,47628367,13546,727,46718626,909741,59967,new_york,145216,149200,152169,0
112128,271508609,99398,30122,246705782,24802827,2253178,north_carolina,54206,50798,46463,1
3505,8147921,3490,24,8119412,28509,2452,north_carolina,54206,50798,46463,1
739,2172195,641,229,1922662,249533,17280,north_carolina,54206,50798,46463,1
5336,14572554,5334,3,14567747,4807,317,north_carolina,54206,50798,46463,1
2441,6428785,2441,0,6428785,0,0,north_carolina,54206,50798,46463,1
845,1819767,845,0,1819767,0,0,north_carolina,54206,50798,46463,1
12367,24983935,12355,29,24959639,24296,2112,north_carolina,54206,50798,46463,1
12961,24494190,12961,0,24494190,0,0,north_carolina,54206,50798,46463,1
0,0,0,0,0,0,0,north_carolina,54206,50798,46463,1
313,893372,304,14,881466,11906,1664,north_carolina,54206,50798,46463,1
1156,2950178,1079,236,2851181,98997,13620,north_carolina,54206,50798,46463,1
1801,4463492,1679,233,4295620,167872,21674,north_carolina,54206,50798,46463,1
15581,35012874,15002,975,33799027,1213847,102710,north_carolina,54206,50798,46463,1
2356,5448692,2232,196,5257480,191212,21955,north_carolina,54206,50798,46463,1
126,311213,125,2,309748,1465,105,north_carolina,54206,50798,46463,1
0,0,0,0,0,0,0,north_carolina,54206,50798,46463,1
683,1300919,567,326,1164179,136740,20585,north_carolina,54206,50798,46463,1
4197,10107092,3456,1075,7739632,2367460,130915,north_carolina,54206,50798,46463,1
0,0,0,0,0,0,0,north_carolina,54206,50798,46463,1
0,0,0,0,0,0,0,north_carolina,54206,50798,46463,1
0,0,0,0,0,0,0,north_carolina,54206,50798,46463,1
0,0,0,0,0,0,0,north_carolina,54206,50798,46463,1
0,0,0,0,0,0,0,north_carolina,54206,50798,46463,1
0,0,0,0,0,0,0,north_carolina,54206,50798,46463,1
0,0,0,0,0,0,0,north_carolina,54206,50798,46463,1
0,0,0,0,0,0,0,north_carolina,54206,50798,46463,1
0,0,0,0,0,0,0,north_carolina,54206,50798,46463,1
0,0,0,0,0,0,0,north_carolina,54206,50798,46463,1
0,0,0,0,0,0,0,north_carolina,54206,50798,46463,1
0,0,0,0,0,0,0,north_carolina,54206,50798,46463,1
16121,59469909,10829,9887,47550432,11919477,936254,north_carolina,54206,50798,46463,1
24476,50869864,18993,16726,42598711,8271153,970508,north_carolina,54206,50798,46463,1
3059,7465310,3028,100,7407750,57560,5791,north_carolina,54206,50798,46463,1
0,0,0,0,0,0,0,north_carolina,54206,50798,46463,1
0,0,0,0,0,0,0,north_carolina,54206,50798,46463,1
4065,10596347,4037,67,10538354,57993,5236,north_carolina,54206,50798,46463,1
16201,35399459,13037,8510,31093126,4306333,560916,north_dakota,8033,8313,7815,1
644,1241337,633,28,1227400,13937,2053,north_dakota,8033,8313,7815,1
105,288488,99,105,266217,22271,1101,north_dakota,8033,8313,7815,1
335,949948,329,28,945626,4322,953,north_dakota,8033,8313,7815,1
118,317907,118,0,317907,0,0,north_dakota,8033,8313,7815,1
97,197094,97,0,197094,0,0,north_dakota,8033,8313,7815,1
502,1021786,479,51,986109,35677,4276,north_dakota,8033,8313,7815,1
1064,2203426,950,135,2076670,126756,20232,north_dakota,8033,8313,7815,1
0,0,0,0,0,0,0,north_dakota,8033,8313,7815,1
0,0,0,0,0,0,0,north_dakota,8033,8313,7815,1
202,346432,189,37,332572,13860,2507,north_dakota,8033,8313,7815,1
1326,2921714,1241,193,2749541,172173,15034,north_dakota,8033,8313,7815,1
1353,2486622,1309,241,2446615,40007,7851,north_dakota,8033,8313,7815,1
418,961027,391,71,919313,41714,4756,north_dakota,8033,8313,7815,1
0,0,0,0,0,0,0,north_dakota,8033,8313,7815,1
0,0,0,0,0,0,0,north_dakota,8033,8313,7815,1
118,219642,87,48,179201,40441,5484,north_dakota,8033,8313,7815,1
1344,2619068,898,705,2252809,366259,78988,north_dakota,8033,8313,7815,1
0,0,0,0,0,0,0,north_dakota,8033,8313,7815,1
0,0,0,0,0,0,0,north_dakota,8033,8313,7815,1
0,0,0,0,0,0,0,north_dakota,8033,8313,7815,1
0,0,0,0,0,0,0,north_dakota,8033,8313,7815,1
0,0,0,0,0,0,0,north_dakota,8033,8313,7815,1
0,0,0,0,0,0,0,north_dakota,8033,8313,7815,1
0,0,0,0,0,0,0,north_dakota,8033,8313,7815,1
0,0,0,0,0,0,0,north_dakota,8033,8313,7815,1
0,0,0,0,0,0,0,north_dakota,8033,8313,7815,1
0,0,0,0,0,0,0,north_dakota,8033,8313,7815,1
0,0,0,0,0,0,0,north_dakota,8033,8313,7815,1
0,0,0,0,0,0,0,north_dakota,8033,8313,7815,1
2795,8991881,1827,1899,6988046,2003835,171296,north_dakota,8033,8313,7815,1
4376,7489141,3057,4795,6176388,1312753,233348,north_dakota,8033,8313,7815,1
323,653390,313,38,637226,16164,1793,north_dakota,8033,8313,7815,1
0,0,0,0,0,0,0,north_dakota,8033,8313,7815,1
0,0,0,0,0,0,0,north_dakota,8033,8313,7815,1
1081,2490556,1020,136,2394392,96164,11244,north_dakota,8033,8313,7815,1
141040,384290455,119586,59075,342764894,41525561,3796123,ohio,92286,93538,90861,1
8610,24527618,8497,197,24304375,223243,19898,ohio,92286,93538,90861,1
965,2466486,906,130,2398270,68216,10483,ohio,92286,93538,90861,1
2226,7334318,2112,366,6932322,401996,20160,ohio,92286,93538,90861,1
1327,5051400,1327,0,5051400,0,0,ohio,92286,93538,90861,1
1124,2605608,1115,16,2590440,15168,1572,ohio,92286,93538,90861,1
13171,38133855,13110,95,38001455,132400,10727,ohio,92286,93538,90861,1
8856,26069385,8657,406,25606951,462434,35125,ohio,92286,93538,90861,1
0,0,0,0,0,0,0,ohio,92286,93538,90861,1
0,0,0,0,0,0,0,ohio,92286,93538,90861,1
2122,6566969,2056,99,6484013,82956,11748,ohio,92286,93538,90861,1
3691,11855442,3525,308,11615684,239758,29288,ohio,92286,93538,90861,1
17909,47726103,15752,3135,42441716,5284387,381843,ohio,92286,93538,90861,1
3097,8635985,3083,34,8598644,37341,2528,ohio,92286,93538,90861,1
0,0,0,0,0,0,0,ohio,92286,93538,90861,1
0,0,0,0,0,0,0,ohio,92286,93538,90861,1
867,2145009,664,381,1820036,324973,35953,ohio,92286,93538,90861,1
3576,9693782,3138,676,8825851,867931,77343,ohio,92286,93538,90861,1
0,0,0,0,0,0,0,ohio,92286,93538,90861,1
0,0,0,0,0,0,0,ohio,92286,93538,90861,1
0,0,0,0,0,0,0,ohio,92286,93538,90861,1
0,0,0,0,0,0,0,ohio,92286,93538,90861,1
0,0,0,0,0,0,0,ohio,92286,93538,90861,1
0,0,0,0,0,0,0,ohio,92286,93538,90861,1
0,0,0,0,0,0,0,ohio,92286,93538,90861,1
0,0,0,0,0,0,0,ohio,92286,93538,90861,1
0,0,0,0,0,0,0,ohio,92286,93538,90861,1
0,0,0,0,0,0,0,ohio,92286,93538,90861,1
0,0,0,0,0,0,0,ohio,92286,93538,90861,1
0,0,0,0,0,0,0,ohio,92286,93538,90861,1
22475,79733337,16304,16024,63568665,16164672,1092022,ohio,92286,93538,90861,1
42526,86479582,31203,36534,69954226,16525356,2003395,ohio,92286,93538,90861,1
2356,7414922,2308,134,7279506,135416,8473,ohio,92286,93538,90861,1
0,0,0,0,0,0,0,ohio,92286,93538,90861,1
546,1112139,370,253,806844,305295,31142,ohio,92286,93538,90861,1
5596,16738515,5459,287,16484496,254019,24423,ohio,92286,93538,90861,1
68065,128777086,60671,22005,117138163,11638923,1298049,oklahoma,42120,45667,45298,0
1996,3836497,1990,13,3826364,10133,941,oklahoma,42120,45667,45298,0
1183,2410071,1160,84,2366424,43647,3829,oklahoma,42120,45667,45298,0
1912,5131867,1893,91,5083875,47992,3276,oklahoma,42120,45667,45298,0
899,2303434,899,0,2303434,0,0,oklahoma,42120,45667,45298,0
725,1398039,717,24,1386118,11921,1448,oklahoma,42120,45667,45298,0
6704,9386231,6624,123,9276559,109672,14152,oklahoma,42120,45667,45298,0
4282,6854702,4282,0,6854702,0,0,oklahoma,42120,45667,45298,0
0,0,0,0,0,0,0,oklahoma,42120,45667,45298,0
0,0,0,0,0,0,0,oklahoma,42120,45667,45298,0
6814,9527371,6733,155,9424687,102684,14356,oklahoma,42120,45667,45298,0
3144,6178893,3047,221,6017752,161141,17121,oklahoma,42120,45667,45298,0
5471,10702236,5202,584,10183040,519196,47969,oklahoma,42120,45667,45298,0
1738,3462020,1674,268,3332801,129219,11421,oklahoma,42120,45667,45298,0
0,0,0,0,0,0,0,oklahoma,42120,45667,45298,0
0,0,0,0,0,0,0,oklahoma,42120,45667,45298,0
1869,2777908,1513,1011,2254599,523309,63064,oklahoma,42120,45667,45298,0
2490,4941052,2175,736,4608384,332668,55720,oklahoma,42120,45667,45298,0
0,0,0,0,0,0,0,oklahoma,42120,45667,45298,0
474,1484034,474,1,1483830,204,34,oklahoma,42120,45667,45298,0
0,0,0,0,0,0,0,oklahoma,42120,45667,45298,0
0,0,0,0,0,0,0,oklahoma,42120,45667,45298,0
0,0,0,0,0,0,0,oklahoma,42120,45667,45298,0
0,0,0,0,0,0,0,oklahoma,42120,45667,45298,0
0,0,0,0,0,0,0,oklahoma,42120,45667,45298,0
0,0,0,0,0,0,0,oklahoma,42120,45667,45298,0
0,0,0,0,0,0,0,oklahoma,42120,45667,45298,0
0,0,0,0,0,0,0,oklahoma,42120,45667,45298,0
0,0,0,0,0,0,0,oklahoma,42120,45667,45298,0
0,0,0,0,0,0,0,oklahoma,42120,45667,45298,0
7650,24612932,6228,5204,20335843,4277089,248357,oklahoma,42120,45667,45298,0
16905,25765041,12352,13094,20558686,5206355,798481,oklahoma,42120,45667,45298,0
2017,4422702,1989,108,4366960,55742,5088,oklahoma,42120,45667,45298,0
0,0,0,0,0,0,0,oklahoma,42120,45667,45298,0
0,0,0,0,0,0,0,oklahoma,42120,45667,45298,0
1792,3582056,1719,288,3474105,107951,12792,oklahoma,42120,45667,45298,0
50884,140439182,43182,21427,120041841,20397341,1362349,oregon,29999,30920,29202,1
3288,8992541,3190,158,8773387,219154,17381,oregon,29999,30920,29202,1
678,1917177,620,117,1793680,123497,10313,oregon,29999,30920,29202,1
2362,6529632,2253,198,6262907,266725,19370,oregon,29999,30920,29202,1
791,3298426,785,11,3282346,16080,1000,oregon,29999,30920,29202,1
416,1133041,403,142,1111312,21729,2359,oregon,29999,30920,29202,1
2613,7207658,2521,196,6968766,238892,16331,oregon,29999,30920,29202,1
3410,8274389,3410,0,8274389,0,0,oregon,29999,30920,29202,1
0,0,0,0,0,0,0,oregon,29999,30920,29202,1
0,0,0,0,0,0,0,oregon,29999,30920,29202,1
4636,12000860,4456,310,11419447,581413,31966,oregon,29999,30920,29202,1
1511,4215043,1397,187,3983609,231434,19993,oregon,29999,30920,29202,1
6660,15809157,4820,1970,12180501,3628656,325622,oregon,29999,30920,29202,1
2314,6094585,2167,212,5657801,436784,26042,oregon,29999,30920,29202,1
0,0,0,0,0,0,0,oregon,29999,30920,29202,1
0,0,0,0,0,0,0,oregon,29999,30920,29202,1
413,886084,406,10,868428,17656,1176,oregon,29999,30920,29202,1
3131,6878754,2760,605,6312299,566455,65503,oregon,29999,30920,29202,1
0,0,0,0,0,0,0,oregon,29999,30920,29202,1
0,0,0,0,0,0,0,oregon,29999,30920,29202,1
0,0,0,0,0,0,0,oregon,29999,30920,29202,1
0,0,0,0,0,0,0,oregon,29999,30920,29202,1
0,0,0,0,0,0,0,oregon,29999,30920,29202,1
0,0,0,0,0,0,0,oregon,29999,30920,29202,1
0,0,0,0,0,0,0,oregon,29999,30920,29202,1
0,0,0,0,0,0,0,oregon,29999,30920,29202,1
0,0,0,0,0,0,0,oregon,29999,30920,29202,1
0,0,0,0,0,0,0,oregon,29999,30920,29202,1
0,0,0,0,0,0,0,oregon,29999,30920,29202,1
0,0,0,0,0,0,0,oregon,29999,30920,29202,1
8570,33255912,5334,6955,21801042,11454870,572743,oregon,29999,30920,29202,1
6494,14087433,5268,9993,11917976,2169457,216946,oregon,29999,30920,29202,1
900,2467260,809,128,2259224,208036,16140,oregon,29999,30920,29202,1
0,0,0,0,0,0,0,oregon,29999,30920,29202,1
167,456657,162,12,448054,8603,830,oregon,29999,30920,29202,1
2530,6934573,2421,223,6726673,207900,18634,oregon,29999,30920,29202,1
150332,435081892,136052,46757,398210514,36871378,2410831,pennsylvania,126723,132307,129405,0
6593,17525838,6541,101,17445339,80499,8539,pennsylvania,126723,132307,129405,0
4173,11550359,3881,1011,10448883,1101476,49894,pennsylvania,126723,132307,129405,0
2447,9367084,2332,111,8904738,462346,16982,pennsylvania,126723,132307,129405,0
4254,14945164,4254,0,14945164,0,0,pennsylvania,126723,132307,129405,0
1121,2615872,1121,1,2613058,2814,84,pennsylvania,126723,132307,129405,0
11308,29878933,11265,75,29773035,105898,7093,pennsylvania,126723,132307,129405,0
12849,32294709,12845,7,32281000,13709,726,pennsylvania,126723,132307,129405,0
99,268124,99,0,268124,0,0,pennsylvania,126723,132307,129405,0
0,0,0,0,0,0,0,pennsylvania,126723,132307,129405,0
11271,30355939,11231,74,30263485,92454,6598,pennsylvania,126723,132307,129405,0
2689,7893085,2665,140,7769701,123384,3825,pennsylvania,126723,132307,129405,0
21697,55042260,20769,2940,50457090,4585170,157299,pennsylvania,126723,132307,129405,0
3400,8849073,3394,12,8833320,15753,941,pennsylvania,126723,132307,129405,0
0,0,0,0,0,0,0,pennsylvania,126723,132307,129405,0
0,0,0,0,0,0,0,pennsylvania,126723,132307,129405,0
1402,3806513,1351,91,3718145,88368,8433,pennsylvania,126723,132307,129405,0
4990,14933513,4791,736,13949537,983976,35092,pennsylvania,126723,132307,129405,0
0,0,0,0,0,0,0,pennsylvania,126723,132307,129405,0
0,0,0,0,0,0,0,pennsylvania,126723,132307,129405,0
0,0,0,0,0,0,0,pennsylvania,126723,132307,129405,0
0,0,0,0,0,0,0,pennsylvania,126723,132307,129405,0
0,0,0,0,0,0,0,pennsylvania,126723,132307,129405,0
0,0,0,0,0,0,0,pennsylvania,126723,132307,129405,0
0,0,0,0,0,0,0,pennsylvania,126723,132307,129405,0
0,0,0,0,0,0,0,pennsylvania,126723,132307,129405,0
0,0,0,0,0,0,0,pennsylvania,126723,132307,129405,0
0,0,0,0,0,0,0,pennsylvania,126723,132307,129405,0
0,0,0,0,0,0,0,pennsylvania,126723,132307,129405,0
0,0,0,0,0,0,0,pennsylvania,126723,132307,129405,0
17196,84863766,12676,10730,69410361,15453405,771334,pennsylvania,126723,132307,129405,0
32489,77771562,24880,28926,64640075,13131487,1278110,pennsylvania,126723,132307,129405,0
2949,8211145,2890,233,8081707,129438,9853,pennsylvania,126723,132307,129405,0
0,0,0,0,0,0,0,pennsylvania,126723,132307,129405,0
2957,6660872,2666,1405,6251047,409825,48380,pennsylvania,126723,132307,129405,0
6448,18248081,6401,164,18156705,91376,7648,pennsylvania,126723,132307,129405,0
18772,56673987,16894,5968,52554453,4119534,313579,rhode_island,10884,10262,10147,1
813,2132826,810,5,2124442,8384,452,rhode_island,10884,10262,10147,1
461,1216977,456,158,1206609,10368,658,rhode_island,10884,10262,10147,1
1060,3358587,1050,18,3328152,30435,1458,rhode_island,10884,10262,10147,1
171,853149,171,0,853149,0,0,rhode_island,10884,10262,10147,1
68,201207,68,0,201207,0,0,rhode_island,10884,10262,10147,1
1727,7223414,1725,6,7221421,1993,279,rhode_island,10884,10262,10147,1
946,2844777,938,15,2830949,13828,1262,rhode_island,10884,10262,10147,1
0,0,0,0,0,0,0,rhode_island,10884,10262,10147,1
0,0,0,0,0,0,0,rhode_island,10884,10262,10147,1
1518,4278191,1493,53,4198811,79380,3945,rhode_island,10884,10262,10147,1
1348,4658198,1346,3,4649236,8962,377,rhode_island,10884,10262,10147,1
1294,4162914,1263,49,4039140,123774,5424,rhode_island,10884,10262,10147,1
658,1711949,594,75,1616027,95922,9932,rhode_island,10884,10262,10147,1
0,0,0,0,0,0,0,rhode_island,10884,10262,10147,1
243,681668,243,0,681668,0,0,rhode_island,10884,10262,10147,1
85,172937,85,0,172937,0,0,rhode_island,10884,10262,10147,1
577,1553315,556,49,1533380,19935,3631,rhode_island,10884,10262,10147,1
0,0,0,0,0,0,0,rhode_island,10884,10262,10147,1
0,0,0,0,0,0,0,rhode_island,10884,10262,10147,1
555,1535379,510,48,1481257,54122,6378,rhode_island,10884,10262,10147,1
0,0,0,0,0,0,0,rhode_island,10884,10262,10147,1
0,0,0,0,0,0,0,rhode_island,10884,10262,10147,1
0,0,0,0,0,0,0,rhode_island,10884,10262,10147,1
0,0,0,0,0,0,0,rhode_island,10884,10262,10147,1
0,0,0,0,0,0,0,rhode_island,10884,10262,10147,1
0,0,0,0,0,0,0,rhode_island,10884,10262,10147,1
0,0,0,0,0,0,0,rhode_island,10884,10262,10147,1
0,0,0,0,0,0,0,rhode_island,10884,10262,10147,1
0,0,0,0,0,0,0,rhode_island,10884,10262,10147,1
2795,9703071,1836,2065,7083708,2619363,159177,rhode_island,10884,10262,10147,1
3041,5938651,2392,3143,5222031,716620,112300,rhode_island,10884,10262,10147,1
431,1817213,425,165,1538305,278908,813,rhode_island,10884,10262,10147,1
0,0,0,0,0,0,0,rhode_island,10884,10262,10147,1
0,0,0,0,0,0,0,rhode_island,10884,10262,10147,1
981,2629564,933,116,2572024,57540,7493,rhode_island,10884,10262,10147,1
76487,164249581,70792,19757,154720079,9529502,961018,south_carolina,30416,32775,32208,0
2835,6399528,2811,43,6368712,30816,4138,south_carolina,30416,32775,32208,0
711,1815607,592,331,1473110,342497,20208,south_carolina,30416,32775,32208,0
556,1780772,551,8,1767262,13510,854,south_carolina,30416,32775,32208,0
1346,3468770,1345,1,3467646,1124,86,south_carolina,30416,32775,32208,0
935,1824108,932,6,1820008,4100,528,south_carolina,30416,32775,32208,0
7589,13903982,7580,13,13879896,24086,1560,south_carolina,30416,32775,32208,0
5003,8737622,4992,19,8723788,13834,1950,south_carolina,30416,32775,32208,0
0,0,0,0,0,0,0,south_carolina,30416,32775,32208,0
400,1242521,400,0,1242521,0,0,south_carolina,30416,32775,32208,0
4979,9774628,4958,31,9743438,31190,3844,south_carolina,30416,32775,32208,0
7355,16364530,7205,246,15946990,417540,26544,south_carolina,30416,32775,32208,0
9543,15019194,9356,231,14628151,391043,33213,south_carolina,30416,32775,32208,0
1368,3134878,1367,1,3130884,3994,160,south_carolina,30416,32775,32208,0
0,0,0,0,0,0,0,south_carolina,30416,32775,32208,0
0,0,0,0,0,0,0,south_carolina,30416,32775,32208,0
613,1089616,609,5,1085134,4482,714,south_carolina,30416,32775,32208,0
2499,4541814,2437,180,4452736,89078,10614,south_carolina,30416,32775,32208,0
0,0,0,0,0,0,0,south_carolina,30416,32775,32208,0
1828,5949979,1814,20,5921819,28160,2491,south_carolina,30416,32775,32208,0
0,0,0,0,0,0,0,south_carolina,30416,32775,32208,0
0,0,0,0,0,0,0,south_carolina,30416,32775,32208,0
0,0,0,0,0,0,0,south_carolina,30416,32775,32208,0
0,0,0,0,0,0,0,south_carolina,30416,32775,32208,0
0,0,0,0,0,0,0,south_carolina,30416,32775,32208,0
0,0,0,0,0,0,0,south_carolina,30416,32775,32208,0
0,0,0,0,0,0,0,south_carolina,30416,32775,32208,0
0,0,0,0,0,0,0,south_carolina,30416,32775,32208,0
0,0,0,0,0,0,0,south_carolina,30416,32775,32208,0
0,0,0,0,0,0,0,south_carolina,30416,32775,32208,0
10234,33543635,7957,8990,28564282,4979353,380468,south_carolina,30416,32775,32208,0
14236,25229270,11458,9559,22136962,3092308,468504,south_carolina,30416,32775,32208,0
2924,6660146,2910,42,6622262,37884,2368,south_carolina,30416,32775,32208,0
0,0,0,0,0,0,0,south_carolina,30416,32775,32208,0
0,0,0,0,0,0,0,south_carolina,30416,32775,32208,0
1533,3768981,1518,31,3744478,24503,2774,south_carolina,30416,32775,32208,0
14252,31450438,12499,5588,28838081,2612357,309653,south_dakota,10064,10102,9296,1
494,1213077,487,9,1196205,16872,1012,south_dakota,10064,10102,9296,1
247,537128,232,128,491814,45314,2717,south_dakota,10064,10102,9296,1
538,1351102,454,141,1032257,318845,15009,south_dakota,10064,10102,9296,1
178,485665,177,1,484835,830,106,south_dakota,10064,10102,9296,1
97,182624,96,2,180410,2214,246,south_dakota,10064,10102,9296,1
667,1280374,644,39,1246587,33787,3985,south_dakota,10064,10102,9296,1
1292,2943464,1219,76,2854497,88967,12890,south_dakota,10064,10102,9296,1
0,0,0,0,0,0,0,south_dakota,10064,10102,9296,1
0,0,0,0,0,0,0,south_dakota,10064,10102,9296,1
1103,2117392,978,226,1949978,167414,22047,south_dakota,10064,10102,9296,1
609,1420417,529,109,1292884,127533,14072,south_dakota,10064,10102,9296,1
1484,2721641,1394,165,2559782,161859,15968,south_dakota,10064,10102,9296,1
294,583949,285,13,569722,14227,1641,south_dakota,10064,10102,9296,1
0,0,0,0,0,0,0,south_dakota,10064,10102,9296,1
0,0,0,0,0,0,0,south_dakota,10064,10102,9296,1
144,264724,101,64,220891,43833,7548,south_dakota,10064,10102,9296,1
939,2080883,791,374,1911008,169875,26277,south_dakota,10064,10102,9296,1
0,0,0,0,0,0,0,south_dakota,10064,10102,9296,1
0,0,0,0,0,0,0,south_dakota,10064,10102,9296,1
0,0,0,0,0,0,0,south_dakota,10064,10102,9296,1
0,0,0,0,0,0,0,south_dakota,10064,10102,9296,1
0,0,0,0,0,0,0,south_dakota,10064,10102,9296,1
0,0,0,0,0,0,0,south_dakota,10064,10102,9296,1
0,0,0,0,0,0,0,south_dakota,10064,10102,9296,1
0,0,0,0,0,0,0,south_dakota,10064,10102,9296,1
0,0,0,0,0,0,0,south_dakota,10064,10102,9296,1
0,0,0,0,0,0,0,south_dakota,10064,10102,9296,1
0,0,0,0,0,0,0,south_dakota,10064,10102,9296,1
0,0,0,0,0,0,0,south_dakota,10064,10102,9296,1
1699,6433848,1420,999,5762036,671812,49216,south_dakota,10064,10102,9296,1
3138,4939139,2427,3128,4293120,646019,125755,south_dakota,10064,10102,9296,1
488,1056723,451,71,1001527,55196,6604,south_dakota,10064,10102,9296,1
0,0,0,0,0,0,0,south_dakota,10064,10102,9296,1
0,0,0,0,0,0,0,south_dakota,10064,10102,9296,1
841,1838288,814,43,1790528,47760,4560,south_dakota,10064,10102,9296,1
79530,190262039,70855,23495,172525502,17736537,1432764,tennessee,52807,53872,56416,0
2719,6647659,2701,42,6623413,24246,3019,tennessee,52807,53872,56416,0
489,2345484,483,148,2094346,251138,924,tennessee,52807,53872,56416,0
1719,5884354,1689,54,5834559,49795,4900,tennessee,52807,53872,56416,0
934,2955600,934,0,2955600,0,0,tennessee,52807,53872,56416,0
649,1250700,646,10,1247376,3324,594,tennessee,52807,53872,56416,0
7088,15145250,7081,14,15136950,8300,1196,tennessee,52807,53872,56416,0
4814,9877720,4814,0,9877720,0,0,tennessee,52807,53872,56416,0
0,0,0,0,0,0,0,tennessee,52807,53872,56416,0
0,0,0,0,0,0,0,tennessee,52807,53872,56416,0
4563,10630338,4553,22,10614664,15674,1540,tennessee,52807,53872,56416,0
3721,7737465,3647,109,7612587,124878,12985,tennessee,52807,53872,56416,0
10341,22163613,10076,520,21536042,627571,46210,tennessee,52807,53872,56416,0
1571,3697704,1441,267,3483042,214662,21576,tennessee,52807,53872,56416,0
0,0,0,0,0,0,0,tennessee,52807,53872,56416,0
0,0,0,0,0,0,0,tennessee,52807,53872,56416,0
1116,1824270,1048,108,1764496,59774,11268,tennessee,52807,53872,56416,0
3300,7463597,3158,502,7240242,223355,24636,tennessee,52807,53872,56416,0
0,0,0,0,0,0,0,tennessee,52807,53872,56416,0
0,0,0,0,0,0,0,tennessee,52807,53872,56416,0
0,0,0,0,0,0,0,tennessee,52807,53872,56416,0
0,0,0,0,0,0,0,tennessee,52807,53872,56416,0
0,0,0,0,0,0,0,tennessee,52807,53872,56416,0
0,0,0,0,0,0,0,tennessee,52807,53872,56416,0
0,0,0,0,0,0,0,tennessee,52807,53872,56416,0
0,0,0,0,0,0,0,tennessee,52807,53872,56416,0
0,0,0,0,0,0,0,tennessee,52807,53872,56416,0
0,0,0,0,0,0,0,tennessee,52807,53872,56416,0
0,0,0,0,0,0,0,tennessee,52807,53872,56416,0
0,0,0,0,0,0,0,tennessee,52807,53872,56416,0
11610,42239090,9300,7050,35375051,6864039,390176,tennessee,52807,53872,56416,0
19934,38809058,14368,14432,29638616,9170442,906147,tennessee,52807,53872,56416,0
2180,5138976,2150,126,5070199,68777,5074,tennessee,52807,53872,56416,0
0,0,0,0,0,0,0,tennessee,52807,53872,56416,0
0,0,0,0,0,0,0,tennessee,52807,53872,56416,0
2782,6451161,2766,91,6420599,30562,2519,tennessee,52807,53872,56416,0
262543,640389175,238780,59884,595039295,45349880,4206229,texas,175538,178973,176680,0
9294,23932300,9154,267,23661854,270446,24727,texas,175538,178973,176680,0
1532,4150012,1422,228,3969990,180022,19296,texas,175538,178973,176680,0
5352,19845213,5343,20,19821647,23566,1702,texas,175538,178973,176680,0
1491,4293171,1491,0,4293171,0,0,texas,175538,178973,176680,0
1819,4038845,1796,46,4012387,26458,4048,texas,175538,178973,176680,0
36898,74574742,36852,93,74454052,120690,8155,texas,175538,178973,176680,0
14546,32480845,14397,286,32280347,200498,26386,texas,175538,178973,176680,0
0,0,0,0,0,0,0,texas,175538,178973,176680,0
0,0,0,0,0,0,0,texas,175538,178973,176680,0
24721,48834165,24598,174,48599405,234760,21718,texas,175538,178973,176680,0
10976,23878237,10555,694,22473978,1404259,74685,texas,175538,178973,176680,0
41004,91503083,39642,1863,88941585,2561498,241235,texas,175538,178973,176680,0
5444,12805792,5360,184,12535066,270726,14859,texas,175538,178973,176680,0
0,0,0,0,0,0,0,texas,175538,178973,176680,0
0,0,0,0,0,0,0,texas,175538,178973,176680,0
1126,2103555,830,427,1743547,360008,52331,texas,175538,178973,176680,0
12621,31470910,11714,2506,29765484,1705426,160410,texas,175538,178973,176680,0
0,0,0,0,0,0,0,texas,175538,178973,176680,0
0,0,0,0,0,0,0,texas,175538,178973,176680,0
2,7897,2,0,7897,0,0,texas,175538,178973,176680,0
0,0,0,0,0,0,0,texas,175538,178973,176680,0
0,0,0,0,0,0,0,texas,175538,178973,176680,0
0,0,0,0,0,0,0,texas,175538,178973,176680,0
0,0,0,0,0,0,0,texas,175538,178973,176680,0
0,0,0,0,0,0,0,texas,175538,178973,176680,0
0,0,0,0,0,0,0,texas,175538,178973,176680,0
0,0,0,0,0,0,0,texas,175538,178973,176680,0
0,0,0,0,0,0,0,texas,175538,178973,176680,0
0,0,0,0,0,0,0,texas,175538,178973,176680,0
26525,120768203,19276,16976,100973817,19794386,1283043,texas,175538,178973,176680,0
58086,117636485,45462,35623,99854013,17782472,2234025,texas,175538,178973,176680,0
4968,11575138,4843,296,11338207,236931,22146,texas,175538,178973,176680,0
0,0,0,0,0,0,0,texas,175538,178973,176680,0
0,0,0,0,0,0,0,texas,175538,178973,176680,0
6138,16490582,6043,201,16312848,177734,17463,texas,175538,178973,176680,0
41054,97659132,36325,12355,90111169,7547963,836402,utah,31177,35442,36001,0
1367,3169486,1326,68,3109276,60210,7377,utah,31177,35442,36001,0
232,647073,220,81,593508,53565,1744,utah,31177,35442,36001,0
1132,3248062,1078,123,3157733,90329,9710,utah,31177,35442,36001,0
378,1049394,378,0,1049394,0,0,utah,31177,35442,36001,0
345,845451,317,72,799085,46366,4971,utah,31177,35442,36001,0
2243,5127410,2153,405,4951204,176206,15879,utah,31177,35442,36001,0
1804,4873841,1707,127,4738991,134850,17085,utah,31177,35442,36001,0
0,0,0,0,0,0,0,utah,31177,35442,36001,0
0,0,0,0,0,0,0,utah,31177,35442,36001,0
2702,5971325,2551,248,5689964,281361,26579,utah,31177,35442,36001,0
1320,3460624,1260,151,3294501,166123,10712,utah,31177,35442,36001,0
3904,10224958,3794,242,10075951,149007,19373,utah,31177,35442,36001,0
633,1813368,580,210,1544686,268682,9299,utah,31177,35442,36001,0
0,0,0,0,0,0,0,utah,31177,35442,36001,0
0,0,0,0,0,0,0,utah,31177,35442,36001,0
279,606572,213,102,528201,78371,11743,utah,31177,35442,36001,0
1064,2654412,965,354,2462068,192344,17843,utah,31177,35442,36001,0
0,0,0,0,0,0,0,utah,31177,35442,36001,0
0,0,0,0,0,0,0,utah,31177,35442,36001,0
0,0,0,0,0,0,0,utah,31177,35442,36001,0
0,0,0,0,0,0,0,utah,31177,35442,36001,0
0,0,0,0,0,0,0,utah,31177,35442,36001,0
0,0,0,0,0,0,0,utah,31177,35442,36001,0
0,0,0,0,0,0,0,utah,31177,35442,36001,0
0,0,0,0,0,0,0,utah,31177,35442,36001,0
0,0,0,0,0,0,0,utah,31177,35442,36001,0
0,0,0,0,0,0,0,utah,31177,35442,36001,0
0,0,0,0,0,0,0,utah,31177,35442,36001,0
0,0,0,0,0,0,0,utah,31177,35442,36001,0
4583,20569182,4071,1860,18921058,1648124,90523,utah,31177,35442,36001,0
16310,26642204,13153,7786,22768754,3873450,558568,utah,31177,35442,36001,0
882,2134482,794,213,1984769,149713,15560,utah,31177,35442,36001,0
0,0,0,0,0,0,0,utah,31177,35442,36001,0
242,434010,184,137,366295,67715,10184,utah,31177,35442,36001,0
1634,4187278,1581,176,4075731,111547,9252,utah,31177,35442,36001,0
12562,28875882,11385,3000,26836514,2039368,200802,vermont,5706,5708,5072,1
491,976024,485,14,966520,9504,1058,vermont,5706,5708,5072,1
289,526286,280,24,502620,23666,1442,vermont,5706,5708,5072,1
489,1221252,450,86,1137308,83944,6952,vermont,5706,5708,5072,1
312,1082634,310,8,1079626,3008,362,vermont,5706,5708,5072,1
148,400128,136,21,380186,19942,2176,vermont,5706,5708,5072,1
842,1617362,815,52,1576908,40454,4744,vermont,5706,5708,5072,1
1106,2671340,1100,7,2659332,12008,1140,vermont,5706,5708,5072,1
0,0,0,0,0,0,0,vermont,5706,5708,5072,1
0,0,0,0,0,0,0,vermont,5706,5708,5072,1
1244,2515188,1023,379,2228066,287122,39028,vermont,5706,5708,5072,1
476,1065280,438,80,963144,102136,6866,vermont,5706,5708,5072,1
286,600091,270,33,559137,40954,2897,vermont,5706,5708,5072,1
359,697690,348,20,675386,22304,1974,vermont,5706,5708,5072,1
0,0,0,0,0,0,0,vermont,5706,5708,5072,1
0,0,0,0,0,0,0,vermont,5706,5708,5072,1
202,308818,196,11,295960,12858,1106,vermont,5706,5708,5072,1
674,1489848,642,64,1429542,60306,5692,vermont,5706,5708,5072,1
0,0,0,0,0,0,0,vermont,5706,5708,5072,1
0,0,0,0,0,0,0,vermont,5706,5708,5072,1
0,0,0,0,0,0,0,vermont,5706,5708,5072,1
0,0,0,0,0,0,0,vermont,5706,5708,5072,1
0,0,0,0,0,0,0,vermont,5706,5708,5072,1
0,0,0,0,0,0,0,vermont,5706,5708,5072,1
0,0,0,0,0,0,0,vermont,5706,5708,5072,1
0,0,0,0,0,0,0,vermont,5706,5708,5072,1
0,0,0,0,0,0,0,vermont,5706,5708,5072,1
0,0,0,0,0,0,0,vermont,5706,5708,5072,1
0,0,0,0,0,0,0,vermont,5706,5708,5072,1
0,0,0,0,0,0,0,vermont,5706,5708,5072,1
1443,5187582,1182,658,4523879,663703,43296,vermont,5706,5708,5072,1
2809,5433015,2402,1362,4933817,499198,67487,vermont,5706,5708,5072,1
351,899088,325,50,848483,50605,4354,vermont,5706,5708,5072,1
0,0,0,0,0,0,0,vermont,5706,5708,5072,1
76,141702,69,19,134276,7426,1206,vermont,5706,5708,5072,1
965,2042554,914,112,1942324,100230,9022,vermont,5706,5708,5072,1
