9746094,9585155
194734,193340
185430,182803
222156,216696
573955,564927
151896,147895
257766,252097
20746,19936
217279,212575
286804,285208
36144,35028
7209,7049
248323,239759
206920,196403
450346,464807
0,0
101540,101440
121157,117612
153429,148196
111484,111833
32814,31994
151555,149363
71688,70194
11595,10504
173221,166771
3864854,3771097
1375520,1370002
82386,83915
126267,122865
0,0
81889,79794
0,0
226987,231052
169581,168853
3345,3377
2377,2312
1784,1671
9179,8771
2106,1953
4624,4624
184,186
2557,2507
6939,6831
396,403
174,174
1414,1358
3855,3912
20837,21028
0,0
3696,3328
1435,1382
2806,2670
2517,2240
339,280
3245,3384
1216,1167
730,743
162,157
62135,62417
27207,27373
0,0
0,0
0,0
797,701
0,0
3525,3904
21838,23024
782,933
856,884
102,107
763,749
358,422
517,543
27,31
111,115
712,779
71,95
135,120
149,189
394,525
171,233
0,0
186,564
355,286
342,139
529,443
11,42
306,331
380,417
0,0
212,150
8788,9188
4585,4298
0,0
0,0
0,0
170,159
0,0
826,1282
161754,151988
3691,3419
4594,4340
7940,7378
11169,11406
2864,2384
4073,3994
696,660
3856,3637
4210,4356
934,913
0,0
1590,1476
2653,2549
3827,4359
0,0
2002,1882
1233,1229
3116,2937
644,664
1023,985
3031,2876
4185,3961
19,18
114,103
58607,52744
24625,23110
2168,2004
4363,3923
0,0
1231,1079
0,0
3296,3602
87897,88353
1796,1812
1997,2398
1207,1249
5025,5095
1279,1218
2098,2163
69,64
1532,1499
3407,3493
218,217
2,2
92,108
217,215
3290,4140
0,0
1428,1450
1044,874
676,664
1131,896
291,205
1958,1772
395,387
2,2
198,195
41138,40577
15266,15518
0,0
0,0
0,0
610,570
0,0
1531,1570
1131574,1092578
21424,20462
22951,21733
46497,44761
56781,55864
24143,23533
25937,25499
2490,2565
29154,27336
21435,20533
5749,5135
2038,1986
57806,53062
35204,33656
56624,55872
0,0
6035,6212
12396,11788
23146,22419
10488,11007
7245,7468
19731,20530
9882,9520
244,254
27991,26958
354265,349550
159934,146790
22633,22838
24990,23766
0,0
8283,7582
0,0
36078,33899
140280,137115
3564,3304
4309,4150
1879,1974
8020,7931
2735,2776
3939,3847
506,397
3258,3249
4965,4864
1188,1158
0,0
5018,4874
1886,1854
8456,7920
0,0
583,752
2504,2311
3738,3676
1563,1628
672,536
3931,3796
1517,1376
294,232
2587,2433
50879,49336
16798,16993
337,340
682,659
0,0
1568,1740
0,0
2904,3009
98319,96499
2458,2285
2104,1828
194,169
7004,6976
1293,1197
4109,3988
287,295
0,0
3687,3569
20,28
3,3
1270,1333
1411,1178
0,0
0,0
1064,1066
1040,1002
1693,1562
1458,1460
64,111
930,696
208,113
35,32
408,441
51038,50833
13894,13852
0,0
0,0
0,0
1289,1157
0,0
1358,1325
19590,18792
425,390
490,462
100,149
1089,1024
274,229
185,221
40,39
0,0
508,353
45,22
205,156
10,11
191,166
0,0
0,0
147,114
393,397
182,173
199,234
0,0
177,172
148,145
0,0
0,0
10453,9924
3780,3797
0,0
0,0
0,0
158,152
0,0
391,462
43437,41450
1157,1062
596,600
377,343
3585,3472
762,652
1317,1181
496,414
2361,2865
418,481
0,0
0,0
985,1010
1925,1277
4115,4017
0,0
324,463
415,569
589,553
1358,1734
0,0
415,569
0,0
0,0
8613,7987
6032,5892
3454,2551
221,225
557,448
0,0
382,386
0,0
2983,2699
537883,527078
14791,14419
11229,10948
11577,11089
33732,33537
14864,13692
17648,16954
2241,2022
14236,13702
14226,12997
3530,3344
1376,1233
5086,5324
5661,5324
27986,26012
0,0
6087,6606
8090,8408
12914,12484
4259,4346
4421,4635
10124,9717
4905,4907
810,771
5664,5300
154030,150445
110441,112175
4888,5035
11432,10824
0,0
4222,4066
0,0
17413,16762
304213,310680
6548,6584
4329,4049
7451,7213
17866,17116
3496,2845
8748,8201
601,550
7038,6890
7705,7530
534,488
5,6
782,512
11140,11680
18370,27239
0,0
3768,3780
3046,2890
3114,3023
3328,3460
121,173
5621,5570
869,900
653,524
4877,4775
134019,130347
41581,45179
97,94
57,54
0,0
2299,2095
0,0
6150,6913
13848,13734
808,743
1131,1144
548,538
2788,2688
777,774
1580,1603
79,77
0,0
771,752
0,0
0,0
98,103
204,199
0,0
0,0
554,579
766,784
1458,1457
252,242
143,135
1041,1050
0,0
0,0
43,45
0,0
0,0
0,0
0,0
0,0
6,5
0,0
801,816
44323,43295
1263,1229
991,844
900,888
2097,2003
690,685
855,854
77,73
936,880
1631,1583
105,93
2,2
102,104
610,580
3457,3393
0,0
403,400
493,458
492,482
107,88
587,417
436,422
95,97
0,0
9,10
20848,20794
5364,5489
295,256
692,463
0,0
256,234
0,0
530,474
433479,423441
6595,7200
8851,8293
14077,13173
31245,31001
6403,8247
13457,13209
861,856
9294,9130
11374,11543
2302,2345
38,38
6779,5841
6443,6249
13123,13175
0,0
5268,5422
6240,5916
9921,8954
3870,5920
1072,1026
5430,5575
1017,1012
140,125
14848,14354
180646,169596
49206,49644
4587,5374
8459,8480
0,0
5185,5137
0,0
6748,6606
206039,203366
3776,3790
4457,4749
4543,4245
9990,10082
3151,3208
6472,6389
265,321
4410,4245
6735,6962
174,179
0,0
1255,1253
2744,2752
18807,18508
0,0
1362,1465
2643,2560
2526,2646
1730,1691
606,557
1965,1804
1021,988
1052,1052
1462,1377
80750,81177
36498,34109
0,0
0,0
0,0
4495,4313
0,0
3150,2944
98019,97395
2476,2448
1949,2006
698,731
4495,4370
1343,1320
1558,1551
50,45
927,896
5284,5373
165,144
0,0
1064,1021
1586,1560
7889,8408
0,0
779,716
974,949
1420,1282
578,553
191,219
1483,1370
782,891
74,76
531,498
43701,43512
11540,11153
1692,1660
2765,2683
0,0
733,704
0,0
1292,1256
113821,109487
2894,2851
2398,2262
1451,1408
5979,5870
1695,1644
2506,2455
99,99
2429,2120
4974,4927
197,196
0,0
413,488
3063,2835
5142,5111
0,0
1005,970
1141,1114
1527,1567
596,581
371,306
2102,2093
1888,1855
47,42
227,206
48068,46021
16558,15506
1647,1566
2822,2798
0,0
536,500
0,0
2046,2096
135904,134664
2062,1844
3044,3297
1072,1276
5878,5884
1274,1290
5062,4503
160,183
2673,2515
3396,3364
608,594
38,34
713,583
4259,4283
3886,3737
0,0
1433,1417
1628,1693
1058,1077
816,864
120,125
2610,2499
585,576
165,145
884,869
64043,60731
25694,28548
0,0
0,0
0,0
890,957
0,0
1853,1776
173318,172988
2880,2829
2616,2463
5077,4552
10294,10654
3040,2889
4204,4156
197,204
5491,5139
5004,4849
426,430
205,202
429,348
1199,1124
15513,14559
0,0
1330,1402
2369,2250
2250,2138
1090,1367
723,716
2558,2902
607,609
319,334
1370,1554
71306,70211
27530,28776
0,179
0,64
0,0
1662,1650
0,0
3629,4438
42562,42004
1133,1126
1180,1050
227,203
1915,1841
448,539
1116,1073
36,38
512,496
1939,1744
234,199
98,103
306,313
125,153
635,617
0,0
303,322
626,613
393,372
333,343
42,35
594,622
18,19
0,0
77,74
22822,22671
6717,6721
0,0
0,0
0,0
186,207
0,0
547,510
161458,161186
2155,2415
2867,2895
2672,2788
10836,11719
2756,2801
5137,5604
377,366
2673,2768
5017,5195
17,16
4,4
2070,2042
3190,3502
0,0
0,0
2266,2281
3537,3696
4617,5037
2611,2759
531,579
2088,2148
155,177
13,11
491,683
67706,65218
24846,24228
2015,1914
4170,3939
0,0
2041,1991
0,0
4600,4410
211159,207987
3969,3902
3854,3681
255,318
14179,14006
2743,2455
11710,11544
482,452
3288,3996
6538,6181
96,96
41,41
1831,1822
5325,2481
496,2323
0,0
1271,1391
2112,1840
1534,1490
4397,4197
312,270
3266,3237
1171,1068
92,143
5667,5549
101982,99859
27762,27951
0,615
0,422
0,0
2752,2577
0,0
4034,4080
290145,290313
5693,5528
6292,5976
9476,9051
17532,16612
3720,3501
6065,5687
703,753
5051,4982
9960,9367
1055,849
41,38
1730,1381
7634,7011
8537,8770
0,0
1755,2131
4101,4024
3582,3249
1499,1539
658,593
4923,4800
1544,1595
0,0
4432,4604
114204,116923
52590,53645
3094,3007
4939,5019
0,0
2367,2236
0,0
6968,7442
162678,161744
4459,4559
4111,3802
3328,3214
7172,7223
2013,1834
1543,1519
130,105
3761,3644
7028,7097
573,518
49,48
10259,9510
2715,2507
5899,6136
0,0
853,840
1941,1850
2869,2759
2151,1909
751,781
1484,1409
1198,1163
149,142
2308,2323
69949,69792
21087,21832
0,0
0,0
0,0
1436,1422
0,0
3462,3806
119482,123682
2852,2899
1818,2059
2095,2270
5084,5099
1689,1606
3015,2927
84,77
1852,1335
5088,5202
122,118
61,69
645,766
148,149
16939,19470
0,0
1015,1071
488,536
768,673
988,808
454,468
1494,1428
465,469
306,316
124,121
52707,52157
11327,13199
2321,2283
2896,2839
0,0
705,644
0,0
1932,2624
185914,189042
3961,4231
3047,2909
3252,3459
10677,10561
3515,3780
5092,5192
570,508
2257,2259
6418,6954
1229,1211
2,2
2027,2188
3363,3533
7355,7367
0,0
824,817
2514,2471
3127,3134
1324,1427
176,157
2746,2846
1540,1541
294,297
2788,2547
79190,80214
28321,29044
1351,1300
2562,2512
0,0
1973,2033
0,0
4419,4548
28003,27544
657,653
679,689
652,636
1292,1262
453,446
489,486
52,78
488,466
1270,1224
104,99
0,0
313,339
556,403
406,488
0,0
497,470
303,293
362,344
177,182
243,251
372,386
0,0
0,0
147,135
14252,14055
3427,3301
53,48
65,67
0,0
159,169
0,0
535,574
68120,66119
1625,1642
1229,1229
960,973
2762,2742
925,824
1111,1164
45,41
928,953
2768,2745
227,202
0,0
1030,1030
403,443
3833,3183
0,0
282,270
512,464
771,743
606,619
663,639
870,766
7041,6870
531,518
400,388
27478,26829
7480,7407
868,788
1148,1150
0,0
328,306
0,0
1296,1191
53118,52861
1323,1227
1826,1716
2582,2523
3518,3454
2083,1779
1915,1882
207,195
1579,1530
1551,1566
1115,1107
0,0
358,325
784,607
4108,4227
0,0
130,124
660,735
1519,1496
608,611
102,94
1440,1364
72,66
0,0
234,209
17521,17950
5606,5743
0,0
0,0
0,0
493,476
0,0
1784,1855
38892,36432
716,521
860,614
213,195
2427,1987
560,570
1296,1271
65,77
479,476
1765,1667
78,75
0,0
1847,1952
111,111
0,0
0,0
503,503
330,363
273,258
355,349
32,27
333,313
11,11
0,0
48,46
20159,19080
5515,5187
2,1
0,0
0,0
462,352
0,0
452,426
283303,287133
5092,4891
5465,5460
6621,6727
22956,22445
3900,3897
6536,6556
615,452
6304,6376
9727,10258
46,48
0,1
10387,10903
3087,3290
2334,3608
0,0
4347,4645
4352,4314
3725,3735
4059,3583
353,389
2733,2571
243,244
0,0
511,486
123680,123567
39138,41108
2345,2358
4520,4790
0,0
3337,3526
0,0
6890,6905
64855,66554
1922,1756
1463,2113
373,355
3451,3391
1086,1120
1676,1674
109,117
1473,1309
1845,1758
295,279
0,0
547,303
346,310
549,526
0,0
1183,1216
649,663
1597,1698
405,420
484,548
1068,1074
237,222
115,125
641,507
29498,29942
9696,9979
654,1260
1794,2098
0,0
415,422
0,0
1284,1369
831947,821827
12262,13658
11770,12708
10468,10544
67393,66880
8455,8058
21829,20881
2427,2289
25344,25667
24864,25930
1459,1462
242,263
46606,46063
14797,15243
47745,51197
0,0
15161,14643
6584,6674
7635,7566
21497,21360
307,316
6452,6265
569,514
10,10
41062,38708
303485,291294
84718,86333
8459,8512
11921,11700
0,0
5842,5864
0,0
22584,21225
297971,284524
6028,5856
4332,4258
665,593
15553,15140
3449,3188
5948,5834
342,306
3691,3749
4000,3882
449,479
0,0
13634,12878
17734,13977
23227,21814
0,0
4494,4285
3337,3142
3613,3510
2579,2685
691,561
3689,3873
1207,1224
138,141
460,474
120092,116614
36605,34397
4969,4696
6575,6296
0,0
2126,2086
0,0
8344,8586
18855,18156
585,591
262,240
344,325
972,974
220,201
293,287
5,5
184,206
1004,933
65,67
0,0
839,845
364,218
0,0
0,0
305,309
143,146
402,402
332,319
227,140
268,263
11,11
0,0
27,35
9057,8799
2560,2377
0,0
0,0
0,0
97,98
0,0
289,365
400421,398407
7191,7178
7207,7009
16611,16466
23022,21592
5598,5708
12939,12196
448,310
7999,7549
13719,12670
1211,1147
27,27
23184,23766
14792,14290
10969,11407
0,0
3046,2932
6520,6417
6046,5353
5450,5119
789,800
6813,6909
1432,1416
130,130
6085,5949
152569,146454
49274,56856
1345,1322
1985,1927
0,0
5257,5422
0,0
8763,10086
122422,120610
2628,2503
2055,2109
1342,1247
6846,6755
1776,1972
4157,3964
145,133
1003,959
6162,5918
253,245
6,15
183,182
1122,1056
8958,9270
0,0
1089,1102
1174,1123
1747,1725
1097,1052
528,469
2649,2648
529,448
94,45
220,206
54656,52136
18855,19581
0,0
0,0
0,0
981,956
0,0
2167,2791
102462,101449
2492,2558
2539,2599
1590,1545
5210,5007
1789,1826
3322,3005
331,346
3345,3122
3980,4283
242,236
198,198
877,800
3235,3042
1978,2172
0,0
474,381
1899,1739
1650,1678
835,784
230,236
2021,1982
922,1114
0,0
2769,2530
35949,36069
14120,13924
1996,1919
3889,3654
0,0
973,984
0,0
3607,3716
349329,343953
7176,7274
7561,8052
13783,14351
19917,18844
2982,3189
5561,5577
391,489
10999,10515
10429,10916
1099,1081
88,88
20212,19609
4885,4755
0,193
0,0
3110,2765
5259,5204
3307,3190
6741,6438
295,334
4980,4384
132,139
9,9
12858,12096
140551,135246
55790,57398
1484,1539
2471,2399
0,0
1334,1269
0,0
5925,6610
33029,31962
711,659
616,775
87,112
2229,2167
674,492
2194,2149
136,144
0,0
809,832
0,0
0,0
130,156
133,133
0,0
0,0
259,263
241,391
442,438
575,582
128,129
545,575
11,11
0,0
0,0
18057,17198
4150,3796
0,0
0,0
0,0
314,430
0,0
588,530
144431,143005
2838,2861
2372,1963
2613,2603
8410,8220
1582,1594
3295,3257
184,176
2252,2006
2617,2649
362,358
0,0
273,280
1996,1956
18461,18341
0,0
2385,2381
1713,1638
2133,1959
969,974
169,179
3003,2644
483,436
382,338
276,327
59231,61409
22993,21155
0,0
0,0
0,0
994,957
0,0
2445,2344
24001,23174
933,864
368,364
226,212
1069,1054
310,291
384,375
13,13
445,425
1482,1447
48,49
0,0
188,158
153,150
359,381
0,0
203,209
185,188
294,286
117,106
218,197
393,368
178,175
14,14
12,1
11951,11730
3341,3101
229,179
206,140
0,0
164,165
0,0
518,532
199945,200029
3344,3542
3641,3561
3369,3282
12432,11628
3187,2850
5863,5847
392,401
4398,4838
6543,6619
845,837
11,11
2480,2514
3487,3398
17450,17783
0,0
4227,3948
2032,1832
3712,3611
2435,2499
313,114
4523,4363
5838,5406
2597,2129
801,782
78320,76884
24924,26023
3,2
2,2
0,0
1124,1116
0,0
1652,4207
841539,815375
12808,12244
11258,10980
16258,15793
40906,41754
12844,11690
17908,17530
1432,1410
21137,20929
18994,19181
4245,4471
798,835
2753,2816
16867,17134
42296,41193
0,0
5728,5449
10093,8689
11148,11077
5714,5943
2994,2863
13325,12944
7375,7534
1758,1411
9881,9733
378833,366016
133303,125751
8001,8047
14474,14251
0,0
4611,4437
0,0
13797,13270
59442,58634
1397,1371
1637,1788
908,890
3288,3311
951,932
1237,1238
169,154
1265,984
1629,1596
471,467
0,0
350,313
963,1004
474,678
0,0
542,535
998,946
1256,1119
434,413
378,376
1147,1078
809,805
4,4
1521,1285
27588,27220
8207,8359
0,0
0,0
0,0
534,554
0,0
1285,1214
18252,17660
341,315
383,364
44,38
561,563
159,156
228,221
7,6
0,0
1176,1175
20,18
0,0
0,0
22,20
0,0
0,0
204,103
166,165
111,112
110,103
24,24
201,174
230,241
0,0
118,114
11585,11341
2323,2213
0,0
0,0
0,0
53,51
0,0
186,143
238105,231516
6088,6108
4050,3803
3493,3353
12543,11677
3079,3306
6703,6488
612,619
6248,6149
4539,4243
1474,1640
3,3
6616,6329
5262,4881
2837,2578
0,0
3449,3437
3654,3877
4720,4676
1989,1992
394,397
3643,3655
287,279
340,336
952,1027
109645,107107
33409,32192
603,589
668,602
0,0
2154,2081
0,0
8651,8092
154579,152115
4918,4810
4283,4236
5745,5368
8737,8568
2706,2695
5129,5561
447,433
4160,4167
6322,6776
1425,1258
1292,1319
936,924
2546,2640
6158,5692
0,0
1626,1540
3285,3115
3510,3249
2888,1597
847,825
3399,3225
7477,7338
35,35
5549,5875
55407,54867
8305,8484
0,0
0,0
0,0
1787,1721
0,0
5660,5797
56332,56213
1579,1578
1172,1115
867,876
2262,2168
329,372
909,924
48,43
295,318
863,851
160,155
0,0
18,15
1195,1084
1842,2855
0,0
625,626
1068,1107
535,483
547,545
161,125
1540,1410
10,10
0,0
376,354
26710,26179
11982,11752
0,0
0,0
0,0
269,260
0,0
970,1008
184309,175833
2578,2454
3547,3605
3287,3212
10806,10782
2947,2841
3971,3949
299,301
3304,3392
8733,8586
363,364
27,28
10614,10214
4744,4860
1218,1208
0,0
1589,1599
2336,2386
2638,2469
1067,1089
1014,859
2124,2200
674,605
0,0
2168,2175
80626,74445
19679,18539
3501,3404
4345,4040
0,0
1675,1657
0,0
4435,4570
23917,23332
545,585
417,319
276,260
1019,1008
421,424
306,300
18,18
302,285
644,624
100,93
0,0
25,25
191,144
3790,3619
0,0
341,264
140,111
425,402
82,69
306,283
335,311
119,122
0,0
18,16
8648,8537
3515,3565
528,561
818,856
0,0
174,138
0,0
414,393
